0 0.5357862903225806 0.12758374910905204 0.7469758064516129 0.022808267997148968
0 0.45463709677419356 0.15609408410548825 0.5846774193548387 0.024233784746970778
0 0.5660282258064516 0.18460441910192446 0.6824596774193549 0.022808267997148968
0 0.5347782258064516 0.2127583749109052 0.7449596774193549 0.022095509622238062
0 0.5357862903225806 0.24305060584461868 0.7469758064516129 0.02565930149679259
0 0.5357862903225806 0.27084818246614395 0.7469758064516129 0.022808267997148968
0 0.5347782258064516 0.2993585174625802 0.7449596774193549 0.022808267997148968
0 0.5347782258064516 0.32786885245901637 0.7449596774193549 0.022808267997148968
0 0.5357862903225806 0.3563791874554526 0.7429435483870968 0.022808267997148968
0 0.5347782258064516 0.3848895224518888 0.7449596774193549 0.021382751247327157
0 0.5357862903225806 0.41518175338560226 0.7469758064516129 0.026372059871703494
0 0.5347782258064516 0.44404846756949395 0.7449596774193549 0.02565930149679259
0 0.5357862903225806 0.47113328581610836 0.7469758064516129 0.024233784746970778
0 0.5357862903225806 0.5010691375623664 0.7469758064516129 0.022808267997148968
0 0.5357862903225806 0.5292230933713471 0.7469758064516129 0.024946543121881683
0 0.5357862903225806 0.5580898075552387 0.7469758064516129 0.021382751247327157
0 0.5347782258064516 0.5862437633642196 0.7449596774193549 0.026372059871703494
0 0.5347782258064516 0.6158232359230221 0.7449596774193549 0.022808267997148968
0 0.5347782258064516 0.6429080541696365 0.7449596774193549 0.0270848182466144
0 0.35181451612903225 0.6739130434782609 0.375 0.01924447612259444
0 0.5650201612903226 0.7006414825374199 0.6844758064516129 0.022808267997148968
0 0.5347782258064516 0.729864575908767 0.7449596774193549 0.024233784746970778
0 0.5347782258064516 0.7590876692801141 0.7449596774193549 0.022808267997148968
0 0.5347782258064516 0.7861724875267284 0.7449596774193549 0.022808267997148968
0 0.5357862903225806 0.81503920171062 0.7469758064516129 0.023521026372059873
0 0.5347782258064516 0.8449750534568781 0.7449596774193549 0.023521026372059873
0 0.5347782258064516 0.8731290092658589 0.7449596774193549 0.024233784746970778
0 0.5357862903225806 0.9326443335709195 0.01310483870967742 0.0135424091233072
