0 0.47076612903225806 0.11689237348538846 0.6129032258064516 0.022808267997148968
0 0.5342741935483871 0.14540270848182466 0.7399193548387096 0.022808267997148968
0 0.40877016129032256 0.17391304347826086 0.49294354838709675 0.024233784746970778
0 0.5337701612903226 0.203136136849608 0.7389112903225806 0.017106200997861726
0 0.48588709677419356 0.23093371347113328 0.6431451612903226 0.021382751247327157
0 0.5347782258064516 0.2608695652173913 0.7409274193548387 0.0270848182466144
0 0.35080645161290325 0.28831076265146116 0.37298387096774194 0.022095509622238062
0 0.5342741935483871 0.3164647184604419 0.7399193548387096 0.021382751247327157
0 0.2908266129032258 0.3460441910192445 0.2530241935483871 0.01781895937277263
0 0.5357862903225806 0.3752672843905916 0.7429435483870968 0.023521026372059873
0 0.3175403225806452 0.4037776193870278 0.3064516129032258 0.01781895937277263
0 0.5347782258064516 0.43193157519600855 0.7409274193548387 0.022808267997148968
0 0.19959677419354838 0.46008553100498933 0.07056451612903226 0.01639344262295082
0 0.5332661290322581 0.4903777619387028 0.7379032258064516 0.021382751247327157
0 0.19959677419354838 0.5178189593727727 0.07056451612903226 0.01639344262295082
0 0.5337701612903226 0.5466856735566643 0.7429435483870968 0.022808267997148968
0 0.20362903225806453 0.5762651461154669 0.07862903225806452 0.01639344262295082
0 0.5347782258064516 0.6044191019244476 0.7449596774193549 0.022808267997148968
0 0.46875 0.6339985744832501 0.6088709677419355 0.01781895937277263
0 0.5337701612903226 0.6614397719173201 0.7429435483870968 0.022808267997148968
0 0.390625 0.6895937277263008 0.4566532258064516 0.024946543121881683
0 0.5337701612903226 0.7191732002851033 0.7429435483870968 0.021382751247327157
0 0.45211693548387094 0.748039914468995 0.5796370967741935 0.022095509622238062
0 0.5347782258064516 0.9397719173200285 0.037298387096774195 0.01496792587312901
