0 0.4223790322580645 0.1172487526728439 0.39919354838709675 0.023521026372059873
0 0.3956653225806452 0.14611546685673557 0.34576612903225806 0.024233784746970778
0 0.2696572580645161 0.17284390591589452 0.09375 0.01496792587312901
0 0.31098790322580644 0.20384889522451888 0.17641129032258066 0.018531717747683536
0 0.42993951612903225 0.233071988595866 0.4102822580645161 0.019957234497505347
0 0.5660282258064516 0.2601568068424804 0.6824596774193549 0.022808267997148968
0 0.5115927419354839 0.2886671418389166 0.6985887096774194 0.022808267997148968
0 0.5272177419354839 0.3178902352102637 0.6088709677419355 0.022808267997148968
0 0.5640120967741935 0.34568781183178904 0.6824596774193549 0.0270848182466144
0 0.5347782258064516 0.37491090520313614 0.7449596774193549 0.022808267997148968
0 0.5357862903225806 0.4044903777619387 0.7429435483870968 0.024946543121881683
0 0.5357862903225806 0.43193157519600855 0.7429435483870968 0.022808267997148968
0 0.4435483870967742 0.462223806129722 0.5625 0.020669992872416252
0 0.5660282258064516 0.4896650035637919 0.6824596774193549 0.022808267997148968
0 0.42993951612903225 0.5196008553100498 0.5352822580645161 0.019957234497505347
0 0.5650201612903226 0.5466856735566643 0.6844758064516129 0.022808267997148968
0 0.34274193548387094 0.575552387740556 0.36088709677419356 0.024946543121881683
0 0.3563508064516129 0.605488239486814 0.26310483870967744 0.026372059871703494
0 0.5680443548387096 0.6329294369208838 0.6743951612903226 0.022808267997148968
0 0.3094758064516129 0.6628652886671419 0.29435483870967744 0.019957234497505347
0 0.5690524193548387 0.6913756236635781 0.6764112903225806 0.022808267997148968
0 0.3503024193548387 0.7202423378474697 0.3719758064516129 0.027797576621525304
0 0.5660282258064516 0.7487526728439059 0.6824596774193549 0.020669992872416252
0 0.22379032258064516 0.7754811119030649 0.125 0.024233784746970778
0 0.5650201612903226 0.8061297220242338 0.6844758064516129 0.022808267997148968
0 0.3563508064516129 0.83464005702067 0.38810483870967744 0.022808267997148968
0 0.3558467741935484 0.860655737704918 0.2661290322580645 0.020669992872416252
0 0.5347782258064516 0.9397719173200285 0.037298387096774195 0.01496792587312901
