0 0.5347782258064516 0.12758374910905204 0.7449596774193549 0.022808267997148968
0 0.5357862903225806 0.15609408410548825 0.7429435483870968 0.022808267997148968
0 0.5337701612903226 0.18460441910192446 0.7429435483870968 0.022808267997148968
0 0.5347782258064516 0.2134711332858161 0.7449596774193549 0.024946543121881683
0 0.38205645161290325 0.2434069850320741 0.43951612903225806 0.020669992872416252
0 0.4722782258064516 0.27084818246614395 0.6199596774193549 0.022808267997148968
0 0.39314516129032256 0.2993585174625802 0.4576612903225806 0.022808267997148968
0 0.5660282258064516 0.32786885245901637 0.686491935483871 0.022808267997148968
0 0.5332661290322581 0.3563791874554526 0.7379032258064516 0.02565930149679259
0 0.20413306451612903 0.38595866001425516 0.08165322580645161 0.020669992872416252
0 0.5660282258064516 0.41411261582323594 0.6824596774193549 0.024233784746970778
0 0.532258064516129 0.4426229508196721 0.7399193548387096 0.022808267997148968
0 0.5357862903225806 0.47042052744119744 0.7429435483870968 0.021382751247327157
0 0.532258064516129 0.49964362081254454 0.7399193548387096 0.022808267997148968
0 0.5357862903225806 0.5288667141838916 0.7429435483870968 0.022808267997148968
0 0.5337701612903226 0.556664290805417 0.7429435483870968 0.021382751247327157
0 0.5347782258064516 0.5858873841767641 0.7449596774193549 0.022808267997148968
0 0.4934475806451613 0.6151104775481112 0.6622983870967742 0.021382751247327157
0 0.5660282258064516 0.6436208125445474 0.6824596774193549 0.024233784746970778
0 0.5357862903225806 0.6721311475409836 0.7429435483870968 0.022808267997148968
0 0.5327620967741935 0.7006414825374199 0.7409274193548387 0.022808267997148968
0 0.5357862903225806 0.7305773342836779 0.7429435483870968 0.022808267997148968
0 0.5347782258064516 0.7590876692801141 0.7449596774193549 0.022808267997148968
0 0.4969758064516129 0.7868852459016393 0.6653225806451613 0.021382751247327157
0 0.30493951612903225 0.8153955808980755 0.28125 0.02565930149679259
0 0.5670362903225806 0.8449750534568781 0.6844758064516129 0.023521026372059873
0 0.5357862903225806 0.8749109052031362 0.7429435483870968 0.024946543121881683
0 0.5347782258064516 0.9319315751960086 0.02721774193548387 0.01496792587312901
