0 0.5337701612903226 0.12687099073414113 0.13205645161290322 0.015680684248039915
0 0.5357862903225806 0.15502494654312188 0.7288306451612904 0.024946543121881683
0 0.5347782258064516 0.1849607982893799 0.19254032258064516 0.020669992872416252
0 0.28276209677419356 0.21418389166072702 0.24092741935483872 0.01924447612259444
0 0.5670362903225806 0.24162508909479685 0.6844758064516129 0.021382751247327157
0 0.5347782258064516 0.2694226657163222 0.7449596774193549 0.022808267997148968
0 0.5337701612903226 0.29864575908766927 0.7429435483870968 0.021382751247327157
0 0.5357862903225806 0.32786885245901637 0.7429435483870968 0.022808267997148968
0 0.49899193548387094 0.3563791874554526 0.6733870967741935 0.022808267997148968
0 0.5660282258064516 0.38524590163934425 0.6824596774193549 0.024946543121881683
0 0.5347782258064516 0.41411261582323594 0.7449596774193549 0.022808267997148968
0 0.5347782258064516 0.4426229508196721 0.7449596774193549 0.022808267997148968
0 0.5347782258064516 0.47113328581610836 0.7449596774193549 0.022808267997148968
0 0.5357862903225806 0.5003563791874555 0.7429435483870968 0.021382751247327157
0 0.5347782258064516 0.5295794725588026 0.7409274193548387 0.022808267997148968
0 0.28830645161290325 0.5570206699928724 0.25201612903225806 0.024946543121881683
0 0.5650201612903226 0.5858873841767641 0.6804435483870968 0.022808267997148968
0 0.5357862903225806 0.6151104775481112 0.7429435483870968 0.021382751247327157
0 0.5347782258064516 0.6436208125445474 0.7449596774193549 0.021382751247327157
0 0.5357862903225806 0.672487526728439 0.7429435483870968 0.022095509622238062
0 0.5347782258064516 0.7013542409123307 0.7449596774193549 0.021382751247327157
0 0.5357862903225806 0.7305773342836779 0.7469758064516129 0.022808267997148968
0 0.5357862903225806 0.7590876692801141 0.7429435483870968 0.022808267997148968
0 0.5347782258064516 0.7861724875267284 0.7449596774193549 0.022808267997148968
0 0.3487903225806452 0.81503920171062 0.37298387096774194 0.020669992872416252
0 0.5650201612903226 0.8449750534568781 0.6844758064516129 0.023521026372059873
0 0.5357862903225806 0.8738417676407698 0.7469758064516129 0.022808267997148968
0 0.5337701612903226 0.9319315751960086 0.025201612903225805 0.01496792587312901
