0 0.3341733870967742 0.12687099073414113 0.22278225806451613 0.021382751247327157
0 0.5650201612903226 0.15609408410548825 0.6844758064516129 0.022808267997148968
0 0.3689516129032258 0.18460441910192446 0.41330645161290325 0.022808267997148968
0 0.5660282258064516 0.2134711332858161 0.6824596774193549 0.023521026372059873
0 0.5347782258064516 0.24162508909479685 0.7409274193548387 0.021382751247327157
0 0.5357862903225806 0.27084818246614395 0.7429435483870968 0.022808267997148968
0 0.5347782258064516 0.300784034212402 0.7449596774193549 0.02565930149679259
0 0.5347782258064516 0.32786885245901637 0.7449596774193549 0.022808267997148968
0 0.5357862903225806 0.3563791874554526 0.7429435483870968 0.022808267997148968
0 0.5347782258064516 0.3856022808267997 0.7449596774193549 0.022808267997148968
0 0.5347782258064516 0.4148253741981468 0.7449596774193549 0.022808267997148968
0 0.5357862903225806 0.4426229508196721 0.7429435483870968 0.022808267997148968
0 0.5357862903225806 0.47113328581610836 0.7429435483870968 0.022808267997148968
0 0.5357862903225806 0.5017818959372773 0.7429435483870968 0.021382751247327157
0 0.5357862903225806 0.5288667141838916 0.7469758064516129 0.022808267997148968
0 0.5347782258064516 0.5573770491803278 0.7449596774193549 0.022808267997148968
0 0.5181451612903226 0.5858873841767641 0.7076612903225806 0.022808267997148968
0 0.2867943548387097 0.6143977191732003 0.2469758064516129 0.02565930149679259
0 0.5660282258064516 0.6436208125445474 0.6824596774193549 0.021382751247327157
0 0.2973790322580645 0.67320028510335 0.2701612903225806 0.020669992872416252
0 0.5660282258064516 0.7006414825374199 0.6824596774193549 0.022808267997148968
0 0.2006048387096774 0.7309337134711333 0.07661290322580645 0.01924447612259444
0 0.5660282258064516 0.7590876692801141 0.6824596774193549 0.022808267997148968
0 0.2963709677419355 0.7879543834640057 0.26814516129032256 0.01781895937277263
0 0.5660282258064516 0.81503920171062 0.6824596774193549 0.023521026372059873
0 0.2963709677419355 0.845687811831789 0.26814516129032256 0.01924447612259444
0 0.5347782258064516 0.9319315751960086 0.02721774193548387 0.01496792587312901
