0 0.5650201612903226 0.11617961511047754 0.6844758064516129 0.024233784746970778
0 0.5337701612903226 0.1457590876692801 0.7429435483870968 0.023521026372059873
0 0.5357862903225806 0.17462580185317178 0.7429435483870968 0.022808267997148968
0 0.5347782258064516 0.203136136849608 0.7449596774193549 0.022808267997148968
0 0.5347782258064516 0.2316464718460442 0.7449596774193549 0.022808267997148968
0 0.5357862903225806 0.2601568068424804 0.7429435483870968 0.022808267997148968
0 0.21723790322580644 0.289736279401283 0.10987903225806452 0.01924447612259444
0 0.5660282258064516 0.3182466143977192 0.6824596774193549 0.026372059871703494
0 0.515625 0.34640057020669995 0.7026209677419355 0.022808267997148968
0 0.5660282258064516 0.37491090520313614 0.6824596774193549 0.022808267997148968
0 0.5191532258064516 0.4034212401995723 0.7137096774193549 0.022808267997148968
0 0.28981854838709675 0.432287954383464 0.13608870967741934 0.026372059871703494
0 0.5650201612903226 0.46115466856735565 0.6804435483870968 0.022808267997148968
0 0.5347782258064516 0.4907341411261582 0.7409274193548387 0.024946543121881683
0 0.5337701612903226 0.5181753385602281 0.7429435483870968 0.022808267997148968
0 0.5337701612903226 0.5466856735566643 0.7429435483870968 0.022808267997148968
0 0.5357862903225806 0.5759087669280114 0.7429435483870968 0.024233784746970778
0 0.40877016129032256 0.6051318602993585 0.49294354838709675 0.02565930149679259
0 0.5347782258064516 0.9397719173200285 0.037298387096774195 0.01496792587312901
