0 0.5660282258064516 0.12758374910905204 0.6824596774193549 0.022808267997148968
0 0.5327620967741935 0.15466856735566642 0.7409274193548387 0.022808267997148968
0 0.5357862903225806 0.18460441910192446 0.7429435483870968 0.022808267997148968
0 0.31955645161290325 0.21418389166072702 0.31048387096774194 0.01924447612259444
0 0.34627016129032256 0.2434069850320741 0.3639112903225806 0.026372059871703494
0 0.2918346774193548 0.27156094084105487 0.2590725806451613 0.0270848182466144
0 0.5650201612903226 0.2993585174625802 0.6844758064516129 0.022808267997148968
0 0.2963709677419355 0.3285816108339273 0.26814516129032256 0.018531717747683536
0 0.28377016129032256 0.357448325017819 0.24294354838709678 0.020669992872416252
0 0.5090725806451613 0.3866714183891661 0.5685483870967742 0.020669992872416252
0 0.42036290322580644 0.4148253741981468 0.3951612903225806 0.024233784746970778
0 0.5670362903225806 0.4426229508196721 0.6844758064516129 0.022808267997148968
0 0.4122983870967742 0.47255880256593014 0.5 0.019957234497505347
0 0.3084677419354839 0.5017818959372773 0.28830645161290325 0.022808267997148968
0 0.5650201612903226 0.5281539558089807 0.6804435483870968 0.021382751247327157
0 0.5357862903225806 0.5580898075552387 0.7469758064516129 0.021382751247327157
0 0.5246975806451613 0.5858873841767641 0.7247983870967742 0.022808267997148968
0 0.5357862903225806 0.6158232359230221 0.7429435483870968 0.022808267997148968
0 0.5347782258064516 0.6429080541696365 0.7449596774193549 0.022808267997148968
0 0.5367943548387096 0.672487526728439 0.7449596774193549 0.024946543121881683
0 0.5347782258064516 0.7006414825374199 0.7449596774193549 0.022808267997148968
0 0.5347782258064516 0.7295081967213115 0.7449596774193549 0.026372059871703494
0 0.4007056451612903 0.759800427655025 0.47681451612903225 0.02565930149679259
0 0.32963709677419356 0.7879543834640057 0.20967741935483872 0.01781895937277263
0 0.563508064516129 0.8153955808980755 0.6814516129032258 0.02565930149679259
0 0.5347782258064516 0.8449750534568781 0.7449596774193549 0.023521026372059873
0 0.5357862903225806 0.9326443335709195 0.01310483870967742 0.0135424091233072
