0 0.23084677419354838 0.11689237348538846 0.13911290322580644 0.021382751247327157
0 0.5650201612903226 0.1457590876692801 0.6844758064516129 0.023521026372059873
0 0.5020161290322581 0.17462580185317178 0.6754032258064516 0.022808267997148968
0 0.5650201612903226 0.20277975766215253 0.6844758064516129 0.024946543121881683
0 0.5347782258064516 0.2316464718460442 0.7449596774193549 0.022808267997148968
0 0.18850806451612903 0.26051318602993584 0.05241935483870968 0.01496792587312901
0 0.5650201612903226 0.2886671418389166 0.6844758064516129 0.022808267997148968
0 0.5337701612903226 0.31860299358517463 0.7429435483870968 0.02565930149679259
0 0.4163306451612903 0.3460441910192445 0.5080645161290323 0.023521026372059873
0 0.33014112903225806 0.37491090520313614 0.21068548387096775 0.022808267997148968
0 0.5650201612903226 0.4034212401995723 0.6844758064516129 0.022808267997148968
0 0.5337701612903226 0.43193157519600855 0.7429435483870968 0.022808267997148968
0 0.5337701612903226 0.46115466856735565 0.7429435483870968 0.022808267997148968
0 0.5357862903225806 0.4896650035637919 0.7429435483870968 0.022808267997148968
0 0.5357862903225806 0.5181753385602281 0.7429435483870968 0.022808267997148968
0 0.5347782258064516 0.5466856735566643 0.7409274193548387 0.022808267997148968
0 0.2928427419354839 0.5773342836778332 0.25705645161290325 0.018531717747683536
0 0.5650201612903226 0.6044191019244476 0.6844758064516129 0.022808267997148968
0 0.5347782258064516 0.6329294369208838 0.7449596774193549 0.022808267997148968
0 0.26411290322580644 0.6603706343549537 0.20362903225806453 0.023521026372059873
0 0.5640120967741935 0.6906628652886672 0.6824596774193549 0.024233784746970778
0 0.5347782258064516 0.7205987170349252 0.7409274193548387 0.021382751247327157
0 0.5347782258064516 0.7487526728439059 0.7409274193548387 0.020669992872416252
0 0.5347782258064516 0.7761938702779758 0.7409274193548387 0.022808267997148968
0 0.23487903225806453 0.8057733428367784 0.14516129032258066 0.01781895937277263
0 0.5347782258064516 0.9397719173200285 0.037298387096774195 0.01496792587312901
