0 0.5347782258064516 0.11617961511047754 0.7409274193548387 0.024233784746970778
0 0.5357862903225806 0.1457590876692801 0.7429435483870968 0.023521026372059873
0 0.5357862903225806 0.17533856022808267 0.7429435483870968 0.02851033499643621
0 0.5347782258064516 0.203136136849608 0.7449596774193549 0.022808267997148968
0 0.5337701612903226 0.2316464718460442 0.7429435483870968 0.022808267997148968
0 0.5347782258064516 0.2601568068424804 0.7449596774193549 0.022808267997148968
0 0.5337701612903226 0.2886671418389166 0.7429435483870968 0.022808267997148968
0 0.5347782258064516 0.3178902352102637 0.7449596774193549 0.022808267997148968
0 0.5347782258064516 0.34640057020669995 0.7449596774193549 0.022808267997148968
0 0.5347782258064516 0.37491090520313614 0.7409274193548387 0.022808267997148968
0 0.5342741935483871 0.4037776193870278 0.7399193548387096 0.023521026372059873
0 0.5357862903225806 0.43193157519600855 0.7429435483870968 0.022808267997148968
0 0.5337701612903226 0.46115466856735565 0.7429435483870968 0.022808267997148968
0 0.5347782258064516 0.4907341411261582 0.7449596774193549 0.024946543121881683
0 0.5347782258064516 0.5181753385602281 0.7409274193548387 0.022808267997148968
0 0.28981854838709675 0.5481111903064861 0.2550403225806452 0.019957234497505347
0 0.5660282258064516 0.5759087669280114 0.6824596774193549 0.024233784746970778
0 0.5337701612903226 0.6044191019244476 0.7429435483870968 0.022808267997148968
0 0.5347782258064516 0.6329294369208838 0.7409274193548387 0.022808267997148968
0 0.5357862903225806 0.6614397719173201 0.7429435483870968 0.022808267997148968
0 0.532258064516129 0.6913756236635781 0.7399193548387096 0.022808267997148968
0 0.5357862903225806 0.7198859586600143 0.7429435483870968 0.022808267997148968
0 0.5080645161290323 0.7487526728439059 0.6915322580645161 0.020669992872416252
0 0.5650201612903226 0.7772630078403421 0.6844758064516129 0.020669992872416252
0 0.22076612903225806 0.8064861012116893 0.11693548387096774 0.01924447612259444
0 0.5650201612903226 0.83464005702067 0.6844758064516129 0.022808267997148968
0 0.5347782258064516 0.8631503920171062 0.7449596774193549 0.022808267997148968
0 0.5357862903225806 0.9404846756949394 0.029233870967741934 0.01639344262295082
