0 0.5347782258064516 0.12758374910905204 0.7449596774193549 0.022808267997148968
0 0.5347782258064516 0.15609408410548825 0.7449596774193549 0.022808267997148968
0 0.5347782258064516 0.18460441910192446 0.7449596774193549 0.022808267997148968
0 0.5347782258064516 0.21418389166072702 0.7449596774193549 0.024946543121881683
0 0.5357862903225806 0.24233784746970777 0.7429435483870968 0.022808267997148968
0 0.3588709677419355 0.2722736992159658 0.39314516129032256 0.019957234497505347
0 0.5660282258064516 0.2993585174625802 0.6824596774193549 0.022808267997148968
0 0.5347782258064516 0.32786885245901637 0.7449596774193549 0.022808267997148968
0 0.5267137096774194 0.3570919458303635 0.7288306451612904 0.02565930149679259
0 0.5367943548387096 0.38524590163934425 0.7449596774193549 0.024946543121881683
0 0.5367943548387096 0.4148253741981468 0.7449596774193549 0.022808267997148968
0 0.5347782258064516 0.4426229508196721 0.7449596774193549 0.022808267997148968
0 0.5347782258064516 0.47113328581610836 0.7449596774193549 0.022808267997148968
0 0.5347782258064516 0.5003563791874555 0.7449596774193549 0.024233784746970778
0 0.5357862903225806 0.5281539558089807 0.7429435483870968 0.02565930149679259
0 0.5367943548387096 0.5573770491803278 0.7449596774193549 0.022808267997148968
0 0.5347782258064516 0.5858873841767641 0.7449596774193549 0.022808267997148968
0 0.5357862903225806 0.6158232359230221 0.7429435483870968 0.0270848182466144
0 0.5357862903225806 0.6436208125445474 0.7429435483870968 0.024233784746970778
0 0.4647177419354839 0.6721311475409836 0.6048387096774194 0.022808267997148968
0 0.5650201612903226 0.7006414825374199 0.6844758064516129 0.022808267997148968
0 0.532258064516129 0.729864575908767 0.7399193548387096 0.024233784746970778
0 0.5357862903225806 0.7580185317177477 0.7429435483870968 0.027797576621525304
0 0.5357862903225806 0.7868852459016393 0.7429435483870968 0.02565930149679259
0 0.24294354838709678 0.815751960085531 0.1592741935483871 0.022095509622238062
0 0.5650201612903226 0.8449750534568781 0.6844758064516129 0.023521026372059873
0 0.5347782258064516 0.8738417676407698 0.7449596774193549 0.022808267997148968
