0 0.3346774193548387 0.12687099073414113 0.22379032258064516 0.021382751247327157
0 0.5650201612903226 0.15466856735566642 0.6844758064516129 0.022808267997148968
0 0.5347782258064516 0.18460441910192446 0.7449596774193549 0.022808267997148968
0 0.5347782258064516 0.2134711332858161 0.7449596774193549 0.023521026372059873
0 0.5357862903225806 0.24233784746970777 0.7469758064516129 0.022808267997148968
0 0.532258064516129 0.27084818246614395 0.7399193548387096 0.022808267997148968
0 0.3598790322580645 0.2993585174625802 0.2701612903225806 0.021382751247327157
0 0.5660282258064516 0.32893799002138274 0.6824596774193549 0.026372059871703494
0 0.5357862903225806 0.3563791874554526 0.7429435483870968 0.022808267997148968
0 0.5347782258064516 0.3856022808267997 0.7449596774193549 0.022808267997148968
0 0.5347782258064516 0.4148253741981468 0.7409274193548387 0.021382751247327157
0 0.5357862903225806 0.4426229508196721 0.7429435483870968 0.022808267997148968
0 0.5357862903225806 0.47113328581610836 0.7429435483870968 0.022808267997148968
0 0.5367943548387096 0.49964362081254454 0.7449596774193549 0.022808267997148968
0 0.5357862903225806 0.5288667141838916 0.7429435483870968 0.022808267997148968
0 0.2933467741935484 0.5573770491803278 0.2620967741935484 0.022808267997148968
0 0.31350806451612906 0.5855310049893087 0.16733870967741934 0.022095509622238062
0 0.5650201612903226 0.6151104775481112 0.6844758064516129 0.021382751247327157
0 0.5347782258064516 0.6429080541696365 0.7449596774193549 0.022808267997148968
0 0.5367943548387096 0.672487526728439 0.7449596774193549 0.022095509622238062
0 0.5347782258064516 0.7006414825374199 0.7449596774193549 0.022808267997148968
0 0.2217741935483871 0.729864575908767 0.12096774193548387 0.024233784746970778
0 0.3336693548387097 0.7580185317177477 0.21774193548387097 0.024946543121881683
0 0.563508064516129 0.7861724875267284 0.6774193548387096 0.022808267997148968
0 0.5347782258064516 0.81503920171062 0.7449596774193549 0.023521026372059873
0 0.5367943548387096 0.8449750534568781 0.7449596774193549 0.023521026372059873
0 0.5236895161290323 0.8738417676407698 0.7227822580645161 0.022808267997148968
0 0.5347782258064516 0.9319315751960086 0.02721774193548387 0.01496792587312901
