0 0.5347782258064516 0.12758374910905204 0.7449596774193549 0.022808267997148968
0 0.5347782258064516 0.1557377049180328 0.7449596774193549 0.023521026372059873
0 0.5347782258064516 0.18460441910192446 0.7449596774193549 0.024233784746970778
0 0.5347782258064516 0.2134711332858161 0.7449596774193549 0.023521026372059873
0 0.5347782258064516 0.24233784746970777 0.7449596774193549 0.022808267997148968
0 0.33064516129032256 0.27156094084105487 0.33669354838709675 0.018531717747683536
0 0.5660282258064516 0.29900213827512473 0.6824596774193549 0.026372059871703494
0 0.5347782258064516 0.32786885245901637 0.7449596774193549 0.022808267997148968
0 0.5347782258064516 0.35780470420527444 0.7449596774193549 0.019957234497505347
0 0.5347782258064516 0.3856022808267997 0.7449596774193549 0.022808267997148968
0 0.5347782258064516 0.41411261582323594 0.7449596774193549 0.022808267997148968
0 0.5347782258064516 0.4426229508196721 0.7449596774193549 0.022808267997148968
0 0.5357862903225806 0.4718460441910192 0.7429435483870968 0.024233784746970778
0 0.532258064516129 0.5010691375623664 0.7399193548387096 0.024233784746970778
0 0.3800403225806452 0.5292230933713471 0.31048387096774194 0.022095509622238062
0 0.2867943548387097 0.5584461867426942 0.12600806451612903 0.023521026372059873
0 0.5045362903225806 0.5858873841767641 0.5594758064516129 0.022808267997148968
0 0.5670362903225806 0.6161796151104776 0.6844758064516129 0.026372059871703494
0 0.5347782258064516 0.6443335709194583 0.7449596774193549 0.022808267997148968
0 0.5357862903225806 0.6721311475409836 0.7429435483870968 0.022808267997148968
0 0.5347782258064516 0.7006414825374199 0.7449596774193549 0.022808267997148968
0 0.3019153225806452 0.7316464718460441 0.27923387096774194 0.020669992872416252
0 0.5660282258064516 0.7590876692801141 0.6824596774193549 0.022808267997148968
0 0.5347782258064516 0.7883107626514612 0.7449596774193549 0.021382751247327157
0 0.5347782258064516 0.81503920171062 0.7449596774193549 0.023521026372059873
0 0.4153225806451613 0.8460441910192444 0.5020161290322581 0.02565930149679259
0 0.5347782258064516 0.9319315751960086 0.02721774193548387 0.01496792587312901
