0 0.5650201612903226 0.1158232359230221 0.6844758064516129 0.023521026372059873
0 0.5347782258064516 0.1457590876692801 0.7449596774193549 0.023521026372059873
0 0.5357862903225806 0.17462580185317178 0.7429435483870968 0.022808267997148968
0 0.5347782258064516 0.20349251603706345 0.7449596774193549 0.026372059871703494
0 0.5347782258064516 0.2316464718460442 0.7449596774193549 0.022808267997148968
0 0.5337701612903226 0.2601568068424804 0.7429435483870968 0.022808267997148968
0 0.3160282258064516 0.28937990021382753 0.3034274193548387 0.024233784746970778
0 0.3956653225806452 0.3171774768353528 0.34576612903225806 0.024233784746970778
0 0.5640120967741935 0.34746970776906627 0.6824596774193549 0.024946543121881683
0 0.3316532258064516 0.3745545260156807 0.3346774193548387 0.024946543121881683
0 0.5640120967741935 0.4044903777619387 0.6824596774193549 0.024946543121881683
0 0.5337701612903226 0.43193157519600855 0.7429435483870968 0.022808267997148968
0 0.5347782258064516 0.46115466856735565 0.7449596774193549 0.022808267997148968
0 0.5347782258064516 0.49002138275124735 0.7449596774193549 0.026372059871703494
0 0.5337701612903226 0.5196008553100498 0.7429435483870968 0.02565930149679259
0 0.5357862903225806 0.5473984319315752 0.7429435483870968 0.024233784746970778
0 0.5347782258064516 0.5773342836778332 0.7449596774193549 0.021382751247327157
0 0.5347782258064516 0.6044191019244476 0.7449596774193549 0.022808267997148968
0 0.5115927419354839 0.6329294369208838 0.6985887096774194 0.022808267997148968
0 0.5650201612903226 0.6614397719173201 0.6844758064516129 0.022808267997148968
0 0.5347782258064516 0.6913756236635781 0.7449596774193549 0.022808267997148968
0 0.5337701612903226 0.7191732002851033 0.7429435483870968 0.024233784746970778
0 0.4274193548387097 0.7483962936564504 0.530241935483871 0.0270848182466144
0 0.5660282258064516 0.7765502494654312 0.6824596774193549 0.024946543121881683
0 0.5337701612903226 0.8054169636493229 0.7429435483870968 0.021382751247327157
0 0.5337701612903226 0.83464005702067 0.7429435483870968 0.022808267997148968
0 0.5337701612903226 0.864575908766928 0.7429435483870968 0.022808267997148968
0 0.5347782258064516 0.9397719173200285 0.037298387096774195 0.01496792587312901
