0 0.3790322580645161 0.12758374910905204 0.3084677419354839 0.022808267997148968
0 0.5650201612903226 0.15538132573057734 0.6844758064516129 0.024233784746970778
0 0.5337701612903226 0.1856735566642908 0.7429435483870968 0.01924447612259444
0 0.5337701612903226 0.2127583749109052 0.7429435483870968 0.022095509622238062
0 0.5347782258064516 0.24233784746970777 0.7449596774193549 0.022808267997148968
0 0.5357862903225806 0.27084818246614395 0.7429435483870968 0.024233784746970778
0 0.3432459677419355 0.29864575908766927 0.36189516129032256 0.02565930149679259
0 0.4107862903225806 0.32965074839629366 0.3719758064516129 0.023521026372059873
0 0.5660282258064516 0.3563791874554526 0.6824596774193549 0.022808267997148968
0 0.5332661290322581 0.3856022808267997 0.7379032258064516 0.022808267997148968
0 0.5367943548387096 0.4148253741981468 0.7449596774193549 0.021382751247327157
0 0.5357862903225806 0.4426229508196721 0.7429435483870968 0.022808267997148968
0 0.5337701612903226 0.4718460441910192 0.7429435483870968 0.018531717747683536
0 0.35181451612903225 0.5003563791874555 0.3790322580645161 0.021382751247327157
0 0.35080645161290325 0.5295794725588026 0.25201612903225806 0.024233784746970778
0 0.5660282258064516 0.5573770491803278 0.6824596774193549 0.022808267997148968
0 0.5357862903225806 0.5858873841767641 0.7429435483870968 0.022808267997148968
0 0.43649193548387094 0.6151104775481112 0.5483870967741935 0.021382751247327157
0 0.3755040322580645 0.642551674982181 0.3014112903225806 0.024946543121881683
0 0.5670362903225806 0.6721311475409836 0.6804435483870968 0.022808267997148968
0 0.37399193548387094 0.7006414825374199 0.41935483870967744 0.024233784746970778
0 0.3487903225806452 0.7302209550962224 0.24798387096774194 0.024946543121881683
0 0.5660282258064516 0.7590876692801141 0.6824596774193549 0.02565930149679259
0 0.5332661290322581 0.7865288667141839 0.7419354838709677 0.026372059871703494
0 0.5357862903225806 0.815751960085531 0.7429435483870968 0.022095509622238062
0 0.2404233870967742 0.8460441910192444 0.15221774193548387 0.021382751247327157
0 0.5347782258064516 0.9319315751960086 0.02721774193548387 0.01496792587312901
