0 0.37752016129032256 0.116535994297933 0.4264112903225806 0.022095509622238062
0 0.3744959677419355 0.14468995010691377 0.3034274193548387 0.02565930149679259
0 0.5640120967741935 0.17462580185317178 0.6824596774193549 0.022808267997148968
0 0.5347782258064516 0.203136136849608 0.7449596774193549 0.022808267997148968
0 0.5337701612903226 0.2316464718460442 0.7429435483870968 0.022808267997148968
0 0.5357862903225806 0.2601568068424804 0.7469758064516129 0.022808267997148968
0 0.5337701612903226 0.2886671418389166 0.7429435483870968 0.022808267997148968
0 0.5357862903225806 0.3178902352102637 0.7429435483870968 0.022808267997148968
0 0.5347782258064516 0.34640057020669995 0.7449596774193549 0.022808267997148968
0 0.5337701612903226 0.37491090520313614 0.7429435483870968 0.022808267997148968
0 0.4969758064516129 0.4034212401995723 0.6693548387096774 0.022808267997148968
0 0.5660282258064516 0.43193157519600855 0.6824596774193549 0.022808267997148968
0 0.5347782258064516 0.46115466856735565 0.7449596774193549 0.022808267997148968
0 0.5337701612903226 0.4896650035637919 0.7429435483870968 0.022808267997148968
0 0.5347782258064516 0.5181753385602281 0.7449596774193549 0.022808267997148968
0 0.5337701612903226 0.5466856735566643 0.7429435483870968 0.022808267997148968
0 0.34627016129032256 0.5766215253029223 0.36794354838709675 0.0270848182466144
0 0.5680443548387096 0.6044191019244476 0.6743951612903226 0.022808267997148968
0 0.5337701612903226 0.6329294369208838 0.7429435483870968 0.022808267997148968
0 0.3755040322580645 0.6614397719173201 0.4223790322580645 0.022808267997148968
0 0.5660282258064516 0.6906628652886672 0.6824596774193549 0.021382751247327157
0 0.5347782258064516 0.7195295794725588 0.7449596774193549 0.024946543121881683
0 0.5357862903225806 0.7473271560940841 0.7429435483870968 0.023521026372059873
0 0.42086693548387094 0.7761938702779758 0.5131048387096774 0.022808267997148968
0 0.5650201612903226 0.8061297220242338 0.6804435483870968 0.022808267997148968
0 0.5347782258064516 0.8339272986457591 0.7449596774193549 0.021382751247327157
0 0.5337701612903226 0.8617248752672844 0.7429435483870968 0.022808267997148968
0 0.5347782258064516 0.9397719173200285 0.02721774193548387 0.01496792587312901
