0 0.5650201612903226 0.1158232359230221 0.6844758064516129 0.026372059871703494
0 0.4904233870967742 0.14718460441910192 0.65625 0.020669992872416252
0 0.5660282258064516 0.17462580185317178 0.6824596774193549 0.022808267997148968
0 0.5357862903225806 0.20242337847469707 0.7429435483870968 0.024233784746970778
0 0.5347782258064516 0.23093371347113328 0.7449596774193549 0.024233784746970778
0 0.4223790322580645 0.2601568068424804 0.5201612903225806 0.022808267997148968
0 0.5660282258064516 0.2886671418389166 0.6824596774193549 0.022808267997148968
0 0.5347782258064516 0.3178902352102637 0.7449596774193549 0.022808267997148968
0 0.5347782258064516 0.34640057020669995 0.7449596774193549 0.022808267997148968
0 0.3553427419354839 0.3741981468282252 0.3860887096774194 0.024233784746970778
0 0.2283266129032258 0.4030648610121169 0.13004032258064516 0.026372059871703494
0 0.40524193548387094 0.43193157519600855 0.3649193548387097 0.0270848182466144
0 0.5660282258064516 0.46115466856735565 0.6824596774193549 0.022808267997148968
0 0.5347782258064516 0.4896650035637919 0.7449596774193549 0.022808267997148968
0 0.5347782258064516 0.5181753385602281 0.7409274193548387 0.022808267997148968
0 0.516633064516129 0.5466856735566643 0.7086693548387096 0.022808267997148968
0 0.5660282258064516 0.5759087669280114 0.6824596774193549 0.022808267997148968
0 0.5337701612903226 0.605488239486814 0.7429435483870968 0.020669992872416252
0 0.5337701612903226 0.6325730577334284 0.7429435483870968 0.023521026372059873
0 0.5347782258064516 0.6614397719173201 0.7449596774193549 0.022808267997148968
0 0.5347782258064516 0.6928011404133999 0.7449596774193549 0.019957234497505347
0 0.5347782258064516 0.7198859586600143 0.7449596774193549 0.02565930149679259
0 0.5337701612903226 0.748039914468995 0.7429435483870968 0.022095509622238062
0 0.5337701612903226 0.7761938702779758 0.7429435483870968 0.022808267997148968
0 0.5357862903225806 0.8061297220242338 0.7429435483870968 0.022808267997148968
0 0.5357862903225806 0.83464005702067 0.7429435483870968 0.022808267997148968
0 0.44455645161290325 0.8631503920171062 0.5645161290322581 0.02565930149679259
0 0.5347782258064516 0.9397719173200285 0.037298387096774195 0.01496792587312901
