0 0.5347782258064516 0.12758374910905204 0.7449596774193549 0.022808267997148968
0 0.21370967741935484 0.1557377049180328 0.1028225806451613 0.01639344262295082
0 0.5660282258064516 0.1856735566642908 0.6824596774193549 0.01924447612259444
0 0.5211693548387096 0.2134711332858161 0.717741935483871 0.023521026372059873
0 0.5660282258064516 0.24233784746970777 0.6824596774193549 0.022808267997148968
0 0.5357862903225806 0.27084818246614395 0.7429435483870968 0.022808267997148968
0 0.453125 0.2993585174625802 0.5816532258064516 0.022808267997148968
0 0.5660282258064516 0.32786885245901637 0.6824596774193549 0.022808267997148968
0 0.5357862903225806 0.3563791874554526 0.7429435483870968 0.022808267997148968
0 0.5347782258064516 0.3856022808267997 0.7449596774193549 0.022808267997148968
0 0.5357862903225806 0.41411261582323594 0.7429435483870968 0.022808267997148968
0 0.5347782258064516 0.4426229508196721 0.7449596774193549 0.022808267997148968
0 0.5357862903225806 0.47113328581610836 0.7429435483870968 0.022808267997148968
0 0.4788306451612903 0.5024946543121882 0.6330645161290323 0.022808267997148968
0 0.3654233870967742 0.5281539558089807 0.2852822580645161 0.022808267997148968
0 0.5660282258064516 0.5577334283677833 0.6824596774193549 0.026372059871703494
0 0.5347782258064516 0.5858873841767641 0.7449596774193549 0.022808267997148968
0 0.5357862903225806 0.6143977191732003 0.7429435483870968 0.022808267997148968
0 0.5357862903225806 0.6436208125445474 0.7429435483870968 0.021382751247327157
0 0.5357862903225806 0.6721311475409836 0.7469758064516129 0.022808267997148968
0 0.5357862903225806 0.7017106200997861 0.7429435483870968 0.026372059871703494
0 0.5347782258064516 0.7305773342836779 0.7449596774193549 0.022808267997148968
0 0.5357862903225806 0.7594440484675695 0.7429435483870968 0.024946543121881683
0 0.3251008064516129 0.7872416250890948 0.3215725806451613 0.01639344262295082
0 0.5660282258064516 0.81503920171062 0.6824596774193549 0.023521026372059873
0 0.5347782258064516 0.8449750534568781 0.7409274193548387 0.023521026372059873
0 0.2918346774193548 0.8741981468282253 0.2590725806451613 0.023521026372059873
