0 0.5347782258064516 0.12687099073414113 0.7449596774193549 0.024233784746970778
0 0.28981854838709675 0.15538132573057734 0.2550403225806452 0.021382751247327157
0 0.5650201612903226 0.18460441910192446 0.6844758064516129 0.022808267997148968
0 0.5357862903225806 0.2134711332858161 0.7429435483870968 0.023521026372059873
0 0.5347782258064516 0.24233784746970777 0.7449596774193549 0.022808267997148968
0 0.5347782258064516 0.2701354240912331 0.7449596774193549 0.0270848182466144
0 0.5357862903225806 0.2993585174625802 0.7469758064516129 0.022808267997148968
0 0.5347782258064516 0.32786885245901637 0.7449596774193549 0.022808267997148968
0 0.5347782258064516 0.3563791874554526 0.7449596774193549 0.022808267997148968
0 0.5357862903225806 0.38524590163934425 0.7429435483870968 0.023521026372059873
0 0.4117943548387097 0.4144689950106914 0.49899193548387094 0.029223093371347115
0 0.5660282258064516 0.4426229508196721 0.6824596774193549 0.022808267997148968
0 0.5357862903225806 0.47255880256593014 0.7429435483870968 0.02565930149679259
0 0.5357862903225806 0.5010691375623664 0.7429435483870968 0.02565930149679259
0 0.5357862903225806 0.529935851746258 0.7429435483870968 0.01781895937277263
0 0.5357862903225806 0.5573770491803278 0.7429435483870968 0.022808267997148968
0 0.4954637096774194 0.5858873841767641 0.6663306451612904 0.022808267997148968
0 0.5650201612903226 0.6151104775481112 0.6844758064516129 0.024233784746970778
0 0.5347782258064516 0.6443335709194583 0.7449596774193549 0.022808267997148968
0 0.5347782258064516 0.672487526728439 0.7449596774193549 0.022095509622238062
0 0.5347782258064516 0.7020669992872416 0.7449596774193549 0.0270848182466144
0 0.5357862903225806 0.7305773342836779 0.7469758064516129 0.022808267997148968
0 0.5347782258064516 0.7576621525302922 0.7449596774193549 0.022808267997148968
0 0.5347782258064516 0.7875980042765502 0.7449596774193549 0.02565930149679259
0 0.5347782258064516 0.8153955808980755 0.7449596774193549 0.02565930149679259
0 0.5357862903225806 0.8449750534568781 0.7429435483870968 0.023521026372059873
0 0.5347782258064516 0.8738417676407698 0.7449596774193549 0.022808267997148968
