0 0.5317540322580645 0.11831789023521026 0.5776209677419355 0.019957234497505347
0 0.19606854838709678 0.1300784034212402 0.04536290322580645 0.01496792587312901
0 0.8699596774193549 0.1300784034212402 0.02620967741935484 0.01496792587312901
0 0.514616935483871 0.14647184604419103 0.5433467741935484 0.022095509622238062
0 0.5317540322580645 0.17712045616535993 0.5776209677419355 0.020669992872416252
0 0.19506048387096775 0.1885245901639344 0.04334677419354839 0.01496792587312901
0 0.8709677419354839 0.18923734853884533 0.028225806451612902 0.01639344262295082
0 0.3815524193548387 0.20563079116179614 0.2772177419354839 0.020669992872416252
0 0.5327620967741935 0.2344975053456878 0.5796370967741935 0.019957234497505347
0 0.19506048387096775 0.24697077690662866 0.04334677419354839 0.01639344262295082
0 0.8709677419354839 0.2473271560940841 0.028225806451612902 0.017106200997861726
0 0.3558467741935484 0.26300784034212404 0.22580645161290322 0.019957234497505347
