0 0.5357862903225806 0.11617961511047754 0.34576612903225806 0.022808267997148968
0 0.22076612903225806 0.16678545972915182 0.11895161290322581 0.024233784746970778
0 0.5660282258064516 0.19672131147540983 0.6824596774193549 0.022808267997148968
0 0.5347782258064516 0.22523164647184604 0.7449596774193549 0.02565930149679259
0 0.5347782258064516 0.25374198146828225 0.7449596774193549 0.022808267997148968
0 0.5337701612903226 0.28225231646471843 0.7429435483870968 0.022808267997148968
0 0.5367943548387096 0.3125445473984319 0.7449596774193549 0.020669992872416252
0 0.5357862903225806 0.3406985032074127 0.7469758064516129 0.02565930149679259
0 0.3684475806451613 0.3677833214540271 0.4122983870967742 0.024233784746970778
0 0.5650201612903226 0.3970064148253742 0.6844758064516129 0.022808267997148968
0 0.5347782258064516 0.4255167498218104 0.7449596774193549 0.022808267997148968
0 0.5357862903225806 0.45438346400570206 0.7429435483870968 0.023521026372059873
0 0.5347782258064516 0.4832501781895937 0.7449596774193549 0.022808267997148968
0 0.5357862903225806 0.5128296507483963 0.7429435483870968 0.026372059871703494
0 0.45110887096774194 0.5402708481824662 0.5776209677419355 0.022808267997148968
0 0.5650201612903226 0.5694939415538133 0.6804435483870968 0.018531717747683536
0 0.5357862903225806 0.597647897362794 0.7429435483870968 0.026372059871703494
0 0.5347782258064516 0.6268709907341411 0.7409274193548387 0.022095509622238062
0 0.5347782258064516 0.654312188168211 0.7409274193548387 0.021382751247327157
0 0.5357862903225806 0.6835352815395581 0.7429435483870968 0.022808267997148968
0 0.5347782258064516 0.7120456165359943 0.7449596774193549 0.022808267997148968
0 0.5347782258064516 0.7405559515324305 0.7449596774193549 0.022808267997148968
0 0.5347782258064516 0.7697790449037776 0.7449596774193549 0.022808267997148968
0 0.5357862903225806 0.7982893799002139 0.7429435483870968 0.022808267997148968
0 0.5347782258064516 0.82679971489665 0.7449596774193549 0.022808267997148968
0 0.5347782258064516 0.8567355666429081 0.7449596774193549 0.022808267997148968
0 0.37399193548387094 0.8852459016393442 0.41935483870967744 0.022808267997148968
0 0.5342741935483871 0.9397719173200285 0.036290322580645164 0.01496792587312901
