0 0.5660282258064516 0.12722736992159658 0.6824596774193549 0.026372059871703494
0 0.5357862903225806 0.15609408410548825 0.7429435483870968 0.022808267997148968
0 0.5357862903225806 0.18460441910192446 0.7429435483870968 0.022808267997148968
0 0.5367943548387096 0.2134711332858161 0.7449596774193549 0.023521026372059873
0 0.5337701612903226 0.24233784746970777 0.7429435483870968 0.022808267997148968
0 0.5347782258064516 0.27084818246614395 0.7449596774193549 0.02565930149679259
0 0.3629032258064516 0.2993585174625802 0.4012096774193548 0.022808267997148968
0 0.5660282258064516 0.32786885245901637 0.6824596774193549 0.022808267997148968
0 0.5357862903225806 0.35780470420527444 0.7429435483870968 0.019957234497505347
0 0.5347782258064516 0.3866714183891661 0.7449596774193549 0.020669992872416252
0 0.5367943548387096 0.41411261582323594 0.7449596774193549 0.022808267997148968
0 0.20715725806451613 0.44155381325730575 0.08568548387096774 0.01496792587312901
0 0.5660282258064516 0.47113328581610836 0.6824596774193549 0.022808267997148968
0 0.5347782258064516 0.49964362081254454 0.7449596774193549 0.022808267997148968
0 0.5367943548387096 0.5288667141838916 0.7449596774193549 0.022808267997148968
0 0.5347782258064516 0.5580898075552387 0.7449596774193549 0.02565930149679259
0 0.5347782258064516 0.5858873841767641 0.7449596774193549 0.022808267997148968
0 0.5357862903225806 0.6154668567355667 0.7429435483870968 0.024946543121881683
0 0.5332661290322581 0.6439771917320029 0.7379032258064516 0.024946543121881683
0 0.5357862903225806 0.672487526728439 0.7429435483870968 0.027797576621525304
0 0.5357862903225806 0.7013542409123307 0.7429435483870968 0.021382751247327157
0 0.5357862903225806 0.7309337134711333 0.7429435483870968 0.026372059871703494
0 0.5357862903225806 0.7590876692801141 0.7429435483870968 0.022808267997148968
0 0.5347782258064516 0.7861724875267284 0.7409274193548387 0.022808267997148968
0 0.5357862903225806 0.81503920171062 0.7469758064516129 0.023521026372059873
0 0.5347782258064516 0.8449750534568781 0.7449596774193549 0.023521026372059873
0 0.5347782258064516 0.8738417676407698 0.7449596774193549 0.022808267997148968
0 0.5352822580645161 0.9326443335709195 0.012096774193548387 0.0135424091233072
