0 0.5357862903225806 0.12687099073414113 0.7469758064516129 0.024233784746970778
0 0.5347782258064516 0.15538132573057734 0.7449596774193549 0.021382751247327157
0 0.5347782258064516 0.184248039914469 0.7449596774193549 0.024946543121881683
0 0.5367943548387096 0.2134711332858161 0.7449596774193549 0.023521026372059873
0 0.5357862903225806 0.24233784746970777 0.7469758064516129 0.022808267997148968
0 0.5357862903225806 0.27084818246614395 0.7469758064516129 0.022808267997148968
0 0.5347782258064516 0.29971489665003564 0.7449596774193549 0.024946543121881683
0 0.25201612903225806 0.32751247327156097 0.17943548387096775 0.01639344262295082
0 0.5660282258064516 0.35780470420527444 0.6824596774193549 0.019957234497505347
0 0.5357862903225806 0.3856022808267997 0.7429435483870968 0.022808267997148968
0 0.5357862903225806 0.41518175338560226 0.7429435483870968 0.026372059871703494
0 0.5357862903225806 0.4426229508196721 0.7429435483870968 0.022808267997148968
0 0.5327620967741935 0.47113328581610836 0.7409274193548387 0.022808267997148968
0 0.5357862903225806 0.49964362081254454 0.7469758064516129 0.022808267997148968
0 0.5357862903225806 0.5292230933713471 0.7429435483870968 0.022095509622238062
0 0.5347782258064516 0.5573770491803278 0.7449596774193549 0.022808267997148968
0 0.5357862903225806 0.5858873841767641 0.7429435483870968 0.022808267997148968
0 0.5357862903225806 0.6154668567355667 0.7429435483870968 0.024946543121881683
0 0.5337701612903226 0.642551674982181 0.7389112903225806 0.022095509622238062
0 0.22933467741935484 0.67320028510335 0.13407258064516128 0.01781895937277263
0 0.35080645161290325 0.7017106200997861 0.37298387096774194 0.020669992872416252
0 0.5660282258064516 0.7305773342836779 0.6824596774193549 0.022808267997148968
0 0.39314516129032256 0.759800427655025 0.46169354838709675 0.02565930149679259
0 0.5670362903225806 0.7861724875267284 0.6723790322580645 0.022808267997148968
0 0.5347782258064516 0.8143264433357092 0.7409274193548387 0.022095509622238062
0 0.5347782258064516 0.8449750534568781 0.7449596774193549 0.023521026372059873
0 0.36189516129032256 0.8738417676407698 0.39919354838709675 0.02565930149679259
