0 0.5352822580645161 0.14255167498218105 0.31048387096774194 0.021382751247327157
0 0.5357862903225806 0.1835352815395581 0.47076612903225806 0.023521026372059873
0 0.5347782258064516 0.2655024946543122 0.20665322580645162 0.020669992872416252
0 0.5357862903225806 0.34782608695652173 0.5655241935483871 0.022808267997148968
0 0.5347782258064516 0.37562366357804705 0.5131048387096774 0.024233784746970778
0 0.5357862903225806 0.46044191019244474 0.2933467741935484 0.0270848182466144
0 0.5342741935483871 0.5103349964362082 0.48185483870967744 0.02565930149679259
0 0.5357862903225806 0.5965787598004276 0.49294354838709675 0.024233784746970778
0 0.5357862903225806 0.635424091233072 0.20463709677419356 0.020669992872416252
0 0.5357862903225806 0.7583749109052031 0.3860887096774194 0.024233784746970778
0 0.5347782258064516 0.800071275837491 0.2852822580645161 0.022095509622238062
