0 0.5347782258064516 0.1261582323592302 0.7449596774193549 0.022808267997148968
0 0.31098790322580644 0.15680684248039914 0.2973790322580645 0.018531717747683536
0 0.5660282258064516 0.18460441910192446 0.686491935483871 0.022808267997148968
0 0.5357862903225806 0.2134711332858161 0.7429435483870968 0.023521026372059873
0 0.4319556451612903 0.24233784746970777 0.5352822580645161 0.022808267997148968
0 0.3634072580645161 0.2811831789023521 0.19254032258064516 0.020669992872416252
0 0.7127016129032258 0.28082679971489666 0.14717741935483872 0.019957234497505347
0 0.36088709677419356 0.35067712045616534 0.2056451612903226 0.021382751247327157
0 0.7192540322580645 0.35138987883107625 0.2368951612903226 0.019957234497505347
0 0.3629032258064516 0.4201710620099786 0.22782258064516128 0.01639344262295082
0 0.7106854838709677 0.41981468282252316 0.1431451612903226 0.014255167498218105
0 0.3598790322580645 0.4885958660014255 0.1532258064516129 0.020669992872416252
0 0.7152217741935484 0.4885958660014255 0.17036290322580644 0.01924447612259444
0 0.7172379032258065 0.5577334283677833 0.1502016129032258 0.026372059871703494
0 0.36189516129032256 0.5591589451176051 0.20161290322580644 0.023521026372059873
0 0.5357862903225806 0.6339985744832501 0.5050403225806451 0.026372059871703494
0 0.5650201612903226 0.6749821810406272 0.6804435483870968 0.021382751247327157
0 0.42338709677419356 0.7042052744119743 0.5221774193548387 0.022808267997148968
0 0.3719758064516129 0.7327156094084105 0.29435483870967744 0.0270848182466144
0 0.5660282258064516 0.7619387027797576 0.6824596774193549 0.022808267997148968
0 0.5347782258064516 0.789736279401283 0.7409274193548387 0.021382751247327157
0 0.4425403225806452 0.8189593727726301 0.5604838709677419 0.022808267997148968
0 0.5347782258064516 0.9319315751960086 0.02721774193548387 0.01496792587312901
