0 0.5670362903225806 0.1261582323592302 0.6844758064516129 0.022808267997148968
0 0.5357862903225806 0.15609408410548825 0.7469758064516129 0.02851033499643621
0 0.5357862903225806 0.18460441910192446 0.7469758064516129 0.022808267997148968
0 0.3951612903225806 0.21382751247327156 0.46169354838709675 0.024233784746970778
0 0.5660282258064516 0.24233784746970777 0.6824596774193549 0.022808267997148968
0 0.5347782258064516 0.27084818246614395 0.7449596774193549 0.022808267997148968
0 0.5367943548387096 0.2993585174625802 0.7449596774193549 0.022808267997148968
0 0.5357862903225806 0.3271560940841055 0.7429435483870968 0.021382751247327157
0 0.5357862903225806 0.3563791874554526 0.7429435483870968 0.022808267997148968
0 0.4536290322580645 0.38524590163934425 0.5826612903225806 0.024946543121881683
0 0.5670362903225806 0.41411261582323594 0.6844758064516129 0.022808267997148968
0 0.5347782258064516 0.4426229508196721 0.7449596774193549 0.022808267997148968
0 0.5357862903225806 0.4718460441910192 0.7429435483870968 0.0270848182466144
0 0.5347782258064516 0.49964362081254454 0.7449596774193549 0.022808267997148968
0 0.5347782258064516 0.5288667141838916 0.7449596774193549 0.022808267997148968
0 0.3019153225806452 0.5577334283677833 0.27923387096774194 0.026372059871703494
0 0.3009072580645161 0.5855310049893087 0.27318548387096775 0.022095509622238062
0 0.5650201612903226 0.6151104775481112 0.6844758064516129 0.021382751247327157
0 0.5357862903225806 0.6436208125445474 0.7429435483870968 0.024233784746970778
0 0.5357862903225806 0.672487526728439 0.7429435483870968 0.022095509622238062
0 0.5347782258064516 0.7006414825374199 0.7449596774193549 0.022808267997148968
0 0.5357862903225806 0.729864575908767 0.7429435483870968 0.02565930149679259
0 0.3130040322580645 0.7605131860299359 0.3014112903225806 0.019957234497505347
0 0.5660282258064516 0.7872416250890948 0.6824596774193549 0.024946543121881683
0 0.5357862903225806 0.815751960085531 0.7469758064516129 0.026372059871703494
0 0.5347782258064516 0.8449750534568781 0.7449596774193549 0.023521026372059873
0 0.5347782258064516 0.8738417676407698 0.7449596774193549 0.022808267997148968
0 0.5347782258064516 0.9319315751960086 0.02721774193548387 0.01496792587312901
