0 0.3911290322580645 0.12758374910905204 0.4576612903225806 0.022808267997148968
0 0.41985887096774194 0.15609408410548825 0.5151209677419355 0.022808267997148968
0 0.5660282258064516 0.18602993585174626 0.6824596774193549 0.02565930149679259
0 0.5347782258064516 0.2134711332858161 0.7449596774193549 0.023521026372059873
0 0.5347782258064516 0.24233784746970777 0.7449596774193549 0.022808267997148968
0 0.5347782258064516 0.2701354240912331 0.7449596774193549 0.021382751247327157
0 0.5357862903225806 0.2993585174625802 0.7429435483870968 0.022808267997148968
0 0.5357862903225806 0.3271560940841055 0.7469758064516129 0.021382751247327157
0 0.5357862903225806 0.3563791874554526 0.7469758064516129 0.022808267997148968
0 0.5357862903225806 0.3866714183891661 0.7469758064516129 0.020669992872416252
0 0.5357862903225806 0.41411261582323594 0.7469758064516129 0.02565930149679259
0 0.5347782258064516 0.4426229508196721 0.7449596774193549 0.022808267997148968
0 0.5357862903225806 0.47113328581610836 0.7469758064516129 0.022808267997148968
0 0.5347782258064516 0.5007127583749109 0.7449596774193549 0.024946543121881683
0 0.5347782258064516 0.5288667141838916 0.7449596774193549 0.022808267997148968
0 0.2752016129032258 0.5588025659301497 0.22580645161290322 0.021382751247327157
0 0.27318548387096775 0.5851746258018532 0.0967741935483871 0.018531717747683536
0 0.5670362903225806 0.6168923734853885 0.6844758064516129 0.026372059871703494
0 0.5347782258064516 0.6436208125445474 0.7449596774193549 0.024233784746970778
0 0.2006048387096774 0.6739130434782609 0.07661290322580645 0.01924447612259444
0 0.5670362903225806 0.7013542409123307 0.6844758064516129 0.022808267997148968
0 0.5347782258064516 0.7305773342836779 0.7449596774193549 0.022808267997148968
0 0.5357862903225806 0.7583749109052031 0.7469758064516129 0.024233784746970778
0 0.5347782258064516 0.7879543834640057 0.7449596774193549 0.023521026372059873
0 0.38306451612903225 0.8171774768353528 0.4415322580645161 0.022095509622238062
0 0.5670362903225806 0.8453314326443335 0.6844758064516129 0.02565930149679259
0 0.5347782258064516 0.8738417676407698 0.7449596774193549 0.022808267997148968
0 0.5347782258064516 0.9319315751960086 0.02721774193548387 0.01496792587312901
