0 0.5650201612903226 0.11617961511047754 0.6844758064516129 0.024233784746970778
0 0.5357862903225806 0.1457590876692801 0.7469758064516129 0.023521026372059873
0 0.5357862903225806 0.17462580185317178 0.7429435483870968 0.022808267997148968
0 0.5236895161290323 0.203136136849608 0.7227822580645161 0.022808267997148968
0 0.40877016129032256 0.23093371347113328 0.3719758064516129 0.021382751247327157
0 0.5670362903225806 0.2601568068424804 0.6844758064516129 0.022808267997148968
0 0.5357862903225806 0.2900926585887384 0.7429435483870968 0.02565930149679259
0 0.5327620967741935 0.3178902352102637 0.7409274193548387 0.022808267997148968
0 0.5357862903225806 0.34640057020669995 0.7429435483870968 0.022808267997148968
0 0.5347782258064516 0.37491090520313614 0.7409274193548387 0.022808267997148968
0 0.5337701612903226 0.4034212401995723 0.7429435483870968 0.022808267997148968
0 0.5337701612903226 0.43300071275837493 0.7429435483870968 0.026372059871703494
0 0.5357862903225806 0.46115466856735565 0.7429435483870968 0.022808267997148968
0 0.2162298387096774 0.49002138275124735 0.10987903225806452 0.020669992872416252
0 0.4884072580645161 0.5181753385602281 0.53125 0.022808267997148968
0 0.4158266129032258 0.5466856735566643 0.3860887096774194 0.022808267997148968
0 0.5640120967741935 0.5759087669280114 0.6824596774193549 0.024233784746970778
0 0.24143145161290322 0.605488239486814 0.15826612903225806 0.020669992872416252
0 0.5650201612903226 0.6339985744832501 0.6844758064516129 0.024946543121881683
0 0.3865927419354839 0.6614397719173201 0.4485887096774194 0.022808267997148968
0 0.5650201612903226 0.6913756236635781 0.6844758064516129 0.022808267997148968
0 0.514616935483871 0.7205987170349252 0.7046370967741935 0.024233784746970778
0 0.2550403225806452 0.748039914468995 0.18548387096774194 0.026372059871703494
0 0.5569556451612904 0.7769066286528866 0.6643145161290323 0.02565930149679259
0 0.5650201612903226 0.8061297220242338 0.6844758064516129 0.022808267997148968
0 0.4122983870967742 0.8360655737704918 0.5 0.019957234497505347
0 0.36139112903225806 0.8638631503920171 0.2772177419354839 0.018531717747683536
0 0.5347782258064516 0.9397719173200285 0.037298387096774195 0.01496792587312901
