0 0.3634072580645161 0.1158232359230221 0.28125 0.023521026372059873
0 0.5660282258064516 0.1457590876692801 0.6824596774193549 0.023521026372059873
0 0.46875 0.17462580185317178 0.6129032258064516 0.02565930149679259
0 0.5650201612903226 0.203136136849608 0.6844758064516129 0.022808267997148968
0 0.31098790322580644 0.23093371347113328 0.2973790322580645 0.021382751247327157
0 0.4122983870967742 0.26122594440484675 0.3790322580645161 0.024946543121881683
0 0.31098790322580644 0.2879543834640057 0.17641129032258066 0.022808267997148968
0 0.5640120967741935 0.3171774768353528 0.6824596774193549 0.021382751247327157
0 0.5347782258064516 0.34640057020669995 0.7449596774193549 0.022808267997148968
0 0.20514112903225806 0.37491090520313614 0.08165322580645161 0.022808267997148968
0 0.5504032258064516 0.4034212401995723 0.655241935483871 0.022808267997148968
0 0.5347782258064516 0.43193157519600855 0.7449596774193549 0.022808267997148968
0 0.5347782258064516 0.46115466856735565 0.7449596774193549 0.022808267997148968
0 0.5347782258064516 0.4896650035637919 0.7449596774193549 0.022808267997148968
0 0.5347782258064516 0.5181753385602281 0.7449596774193549 0.022808267997148968
0 0.5347782258064516 0.5466856735566643 0.7449596774193549 0.022808267997148968
0 0.5347782258064516 0.5759087669280114 0.7409274193548387 0.021382751247327157
0 0.5357862903225806 0.604775481111903 0.7429435483870968 0.022095509622238062
0 0.5347782258064516 0.6336421952957947 0.7409274193548387 0.021382751247327157
0 0.530241935483871 0.6614397719173201 0.7358870967741935 0.022808267997148968
0 0.3911290322580645 0.6913756236635781 0.33669354838709675 0.022808267997148968
0 0.5559475806451613 0.7191732002851033 0.6663306451612904 0.021382751247327157
0 0.545866935483871 0.748039914468995 0.6461693548387096 0.022095509622238062
0 0.5347782258064516 0.7761938702779758 0.7449596774193549 0.022808267997148968
0 0.3755040322580645 0.8061297220242338 0.4264112903225806 0.02565930149679259
0 0.5650201612903226 0.8339272986457591 0.6844758064516129 0.024233784746970778
0 0.28830645161290325 0.8624376336421953 0.25201612903225806 0.021382751247327157
0 0.5342741935483871 0.9397719173200285 0.036290322580645164 0.01496792587312901
