0 0.3598790322580645 0.12794012829650747 0.2701612903225806 0.024946543121881683
0 0.5650201612903226 0.15538132573057734 0.6844758064516129 0.021382751247327157
0 0.5357862903225806 0.18460441910192446 0.7429435483870968 0.022808267997148968
0 0.35181451612903225 0.21418389166072702 0.375 0.01924447612259444
0 0.3442540322580645 0.24126870990734142 0.23891129032258066 0.01639344262295082
0 0.5670362903225806 0.2701354240912331 0.6844758064516129 0.024233784746970778
0 0.514616935483871 0.2993585174625802 0.7046370967741935 0.022808267997148968
0 0.3941532258064516 0.3285816108339273 0.3387096774193548 0.021382751247327157
0 0.5650201612903226 0.3563791874554526 0.6844758064516129 0.022808267997148968
0 0.5347782258064516 0.3856022808267997 0.7449596774193549 0.022808267997148968
0 0.3497983870967742 0.4148253741981468 0.375 0.021382751247327157
0 0.35181451612903225 0.4426229508196721 0.2540322580645161 0.024233784746970778
0 0.5660282258064516 0.47113328581610836 0.6824596774193549 0.022808267997148968
0 0.5357862903225806 0.5003563791874555 0.7429435483870968 0.021382751247327157
0 0.5357862903225806 0.529935851746258 0.7429435483870968 0.023521026372059873
0 0.3598790322580645 0.5591589451176051 0.3951612903225806 0.01924447612259444
0 0.5650201612903226 0.5858873841767641 0.6844758064516129 0.022808267997148968
0 0.5357862903225806 0.6151104775481112 0.7429435483870968 0.024233784746970778
0 0.4642137096774194 0.6436208125445474 0.5997983870967742 0.021382751247327157
0 0.2963709677419355 0.672487526728439 0.26814516129032256 0.024946543121881683
0 0.5650201612903226 0.7006414825374199 0.6844758064516129 0.022808267997148968
0 0.5357862903225806 0.729864575908767 0.7429435483870968 0.024233784746970778
0 0.5347782258064516 0.7583749109052031 0.7449596774193549 0.024233784746970778
0 0.5347782258064516 0.7868852459016393 0.7449596774193549 0.024233784746970778
0 0.27973790322580644 0.8164647184604419 0.23487903225806453 0.023521026372059873
0 0.5357862903225806 0.9326443335709195 0.029233870967741934 0.01639344262295082
