0 0.3165322580645161 0.116535994297933 0.3084677419354839 0.022095509622238062
0 0.5650201612903226 0.14718460441910192 0.6844758064516129 0.020669992872416252
0 0.5347782258064516 0.17569493941553813 0.7449596774193549 0.020669992872416252
0 0.5357862903225806 0.203136136849608 0.7469758064516129 0.022808267997148968
0 0.5357862903225806 0.2316464718460442 0.7469758064516129 0.022808267997148968
0 0.5347782258064516 0.2615823235923022 0.7449596774193549 0.019957234497505347
0 0.359375 0.28937990021382753 0.3901209677419355 0.024233784746970778
0 0.5650201612903226 0.3178902352102637 0.6844758064516129 0.022808267997148968
0 0.5337701612903226 0.34640057020669995 0.7429435483870968 0.022808267997148968
0 0.5337701612903226 0.37491090520313614 0.7429435483870968 0.022808267997148968
0 0.501008064516129 0.4034212401995723 0.6774193548387096 0.022808267997148968
0 0.5660282258064516 0.43193157519600855 0.6824596774193549 0.022808267997148968
0 0.5337701612903226 0.4597291518175339 0.7429435483870968 0.02565930149679259
0 0.49899193548387094 0.4896650035637919 0.6733870967741935 0.022808267997148968
0 0.5650201612903226 0.5196008553100498 0.6844758064516129 0.019957234497505347
0 0.5337701612903226 0.5466856735566643 0.7429435483870968 0.022808267997148968
0 0.3951612903225806 0.5766215253029223 0.4657258064516129 0.0270848182466144
0 0.5151209677419355 0.605488239486814 0.5846774193548387 0.020669992872416252
0 0.5650201612903226 0.6329294369208838 0.6844758064516129 0.022808267997148968
0 0.5347782258064516 0.6614397719173201 0.7449596774193549 0.0270848182466144
0 0.5337701612903226 0.6913756236635781 0.7429435483870968 0.022808267997148968
0 0.5347782258064516 0.7198859586600143 0.7409274193548387 0.022808267997148968
0 0.4692540322580645 0.748039914468995 0.6139112903225806 0.022095509622238062
0 0.5650201612903226 0.7761938702779758 0.6844758064516129 0.022808267997148968
0 0.5337701612903226 0.8071988595866001 0.7429435483870968 0.024946543121881683
0 0.4112903225806452 0.8360655737704918 0.49798387096774194 0.019957234497505347
0 0.3709677419354839 0.8613684960798289 0.2963709677419355 0.026372059871703494
0 0.5357862903225806 0.9404846756949394 0.029233870967741934 0.01639344262295082
