0 0.5357862903225806 0.12687099073414113 0.7469758064516129 0.024233784746970778
0 0.5347782258064516 0.15609408410548825 0.7449596774193549 0.022808267997148968
0 0.2505040322580645 0.184248039914469 0.17641129032258066 0.01924447612259444
0 0.4621975806451613 0.2134711332858161 0.4747983870967742 0.023521026372059873
0 0.5670362903225806 0.24233784746970777 0.6804435483870968 0.02565930149679259
0 0.5357862903225806 0.27049180327868855 0.7429435483870968 0.023521026372059873
0 0.5357862903225806 0.2993585174625802 0.7429435483870968 0.022808267997148968
0 0.5347782258064516 0.32786885245901637 0.7449596774193549 0.022808267997148968
0 0.37651209677419356 0.35602280826799715 0.42439516129032256 0.024946543121881683
0 0.5650201612903226 0.3848895224518888 0.6804435483870968 0.021382751247327157
0 0.5357862903225806 0.41411261582323594 0.7429435483870968 0.022808267997148968
0 0.5347782258064516 0.4426229508196721 0.7449596774193549 0.022808267997148968
0 0.49899193548387094 0.47255880256593014 0.6733870967741935 0.019957234497505347
0 0.5745967741935484 0.49964362081254454 0.6653225806451613 0.022808267997148968
0 0.5357862903225806 0.5292230933713471 0.7429435483870968 0.022095509622238062
0 0.4309475806451613 0.5577334283677833 0.5332661290322581 0.023521026372059873
0 0.5650201612903226 0.5858873841767641 0.6844758064516129 0.022808267997148968
0 0.5357862903225806 0.616535994297933 0.7429435483870968 0.02565930149679259
0 0.5347782258064516 0.6436208125445474 0.7449596774193549 0.024233784746970778
0 0.5367943548387096 0.672487526728439 0.7449596774193549 0.022095509622238062
0 0.5347782258064516 0.7013542409123307 0.7449596774193549 0.02565930149679259
0 0.5347782258064516 0.7295081967213115 0.7449596774193549 0.024946543121881683
0 0.5357862903225806 0.759800427655025 0.7429435483870968 0.024233784746970778
0 0.5357862903225806 0.7883107626514612 0.7429435483870968 0.024233784746970778
0 0.5246975806451613 0.815751960085531 0.7247983870967742 0.023521026372059873
0 0.3180443548387097 0.8446186742694227 0.18649193548387097 0.024233784746970778
0 0.5347782258064516 0.9319315751960086 0.02721774193548387 0.01496792587312901
