0 0.3251008064516129 0.1172487526728439 0.20463709677419356 0.022095509622238062
0 0.5650201612903226 0.14540270848182466 0.6844758064516129 0.024233784746970778
0 0.5060483870967742 0.17462580185317178 0.6875 0.022808267997148968
0 0.5660282258064516 0.203136136849608 0.6824596774193549 0.022808267997148968
0 0.5357862903225806 0.2323592302209551 0.7429435483870968 0.024233784746970778
0 0.22530241935483872 0.2594440484675695 0.12600806451612903 0.021382751247327157
0 0.5650201612903226 0.2886671418389166 0.6804435483870968 0.022808267997148968
0 0.5347782258064516 0.3171774768353528 0.7409274193548387 0.021382751247327157
0 0.5347782258064516 0.34640057020669995 0.7409274193548387 0.022808267997148968
0 0.5347782258064516 0.37491090520313614 0.7409274193548387 0.022808267997148968
0 0.23387096774193547 0.4037776193870278 0.14112903225806453 0.024946543121881683
0 0.5640120967741935 0.43264433357091947 0.6824596774193549 0.0270848182466144
0 0.5357862903225806 0.46044191019244474 0.7429435483870968 0.021382751247327157
0 0.5347782258064516 0.4896650035637919 0.7449596774193549 0.022808267997148968
0 0.35786290322580644 0.5196008553100498 0.3911290322580645 0.019957234497505347
0 0.3190524193548387 0.5481111903064861 0.19254032258064516 0.019957234497505347
0 0.5650201612903226 0.5759087669280114 0.6844758064516129 0.02851033499643621
0 0.5357862903225806 0.604775481111903 0.7429435483870968 0.022095509622238062
0 0.5357862903225806 0.6339985744832501 0.7429435483870968 0.020669992872416252
0 0.5347782258064516 0.6614397719173201 0.7449596774193549 0.022808267997148968
0 0.5337701612903226 0.6913756236635781 0.7429435483870968 0.02565930149679259
0 0.5337701612903226 0.7198859586600143 0.7429435483870968 0.022808267997148968
0 0.532258064516129 0.7473271560940841 0.7399193548387096 0.023521026372059873
0 0.5650201612903226 0.7761938702779758 0.6844758064516129 0.022808267997148968
0 0.5347782258064516 0.8057733428367784 0.7449596774193549 0.023521026372059873
0 0.5337701612903226 0.8353528153955809 0.7429435483870968 0.02565930149679259
0 0.49143145161290325 0.864575908766928 0.6582661290322581 0.019957234497505347
0 0.5347782258064516 0.9397719173200285 0.037298387096774195 0.01496792587312901
