0 0.5357862903225806 0.12758374910905204 0.7469758064516129 0.022808267997148968
0 0.5357862903225806 0.15502494654312188 0.7429435483870968 0.026372059871703494
0 0.45110887096774194 0.18460441910192446 0.5735887096774194 0.022808267997148968
0 0.5660282258064516 0.2134711332858161 0.6824596774193549 0.023521026372059873
0 0.5357862903225806 0.24233784746970777 0.7429435483870968 0.022808267997148968
0 0.4959677419354839 0.27084818246614395 0.6673387096774194 0.022808267997148968
0 0.5650201612903226 0.2993585174625802 0.6844758064516129 0.022808267997148968
0 0.5347782258064516 0.32786885245901637 0.7449596774193549 0.022808267997148968
0 0.4122983870967742 0.3563791874554526 0.5 0.022808267997148968
0 0.5660282258064516 0.3856022808267997 0.6824596774193549 0.022808267997148968
0 0.5337701612903226 0.41411261582323594 0.7389112903225806 0.022808267997148968
0 0.5080645161290323 0.4426229508196721 0.6875 0.022808267997148968
0 0.5756048387096774 0.47113328581610836 0.6673387096774194 0.022808267997148968
0 0.2706653225806452 0.5003563791874555 0.21673387096774194 0.024233784746970778
0 0.5735887096774194 0.5288667141838916 0.6673387096774194 0.022808267997148968
0 0.47580645161290325 0.5573770491803278 0.6270161290322581 0.022808267997148968
0 0.5660282258064516 0.586600142551675 0.6824596774193549 0.024233784746970778
0 0.24596774193548387 0.6143977191732003 0.16330645161290322 0.021382751247327157
0 0.3865927419354839 0.6436208125445474 0.3276209677419355 0.021382751247327157
0 0.5660282258064516 0.6721311475409836 0.6824596774193549 0.022808267997148968
0 0.5347782258064516 0.699928724162509 0.7409274193548387 0.021382751247327157
0 0.5357862903225806 0.7305773342836779 0.7429435483870968 0.022808267997148968
0 0.5347782258064516 0.7590876692801141 0.7449596774193549 0.022808267997148968
0 0.5347782258064516 0.7872416250890948 0.7449596774193549 0.024946543121881683
0 0.5 0.815751960085531 0.6713709677419355 0.022095509622238062
0 0.3563508064516129 0.8442622950819673 0.26310483870967744 0.023521026372059873
0 0.5347782258064516 0.9319315751960086 0.02721774193548387 0.01496792587312901
