0 0.5357862903225806 0.14255167498218105 0.31955645161290325 0.021382751247327157
0 0.5357862903225806 0.17462580185317178 0.47076612903225806 0.024233784746970778
0 0.5367943548387096 0.23699215965787598 0.059475806451612906 0.01496792587312901
0 0.5347782258064516 0.25837491090520315 0.023185483870967742 0.01639344262295082
0 0.5367943548387096 0.2736992159657876 0.05342741935483871 0.008553100498930863
0 0.5347782258064516 0.3000712758374911 0.11189516129032258 0.014255167498218105
0 0.5352822580645161 0.3977191732002851 0.20766129032258066 0.022808267997148968
0 0.5357862903225806 0.5292230933713471 0.2933467741935484 0.023521026372059873
0 0.5347782258064516 0.5691375623663578 0.6199596774193549 0.029223093371347115
0 0.5337701612903226 0.8624376336421953 0.17641129032258066 0.018531717747683536
