0 0.5357862903225806 0.116535994297933 0.7429435483870968 0.024946543121881683
0 0.5347782258064516 0.1457590876692801 0.7449596774193549 0.023521026372059873
0 0.2620967741935484 0.17426942266571632 0.19959677419354838 0.01781895937277263
0 0.5660282258064516 0.20349251603706345 0.6824596774193549 0.024946543121881683
0 0.2540322580645161 0.23093371347113328 0.18346774193548387 0.024233784746970778
0 0.5670362903225806 0.2598004276550249 0.6844758064516129 0.023521026372059873
0 0.5347782258064516 0.2886671418389166 0.7449596774193549 0.022808267997148968
0 0.5367943548387096 0.3178902352102637 0.7449596774193549 0.022808267997148968
0 0.5126008064516129 0.3471133285816108 0.7006048387096774 0.021382751247327157
0 0.5660282258064516 0.37491090520313614 0.6824596774193549 0.022808267997148968
0 0.5347782258064516 0.40413399857448323 0.7449596774193549 0.021382751247327157
0 0.5347782258064516 0.43193157519600855 0.7449596774193549 0.022808267997148968
0 0.5357862903225806 0.46044191019244474 0.7429435483870968 0.021382751247327157
0 0.3744959677419355 0.4907341411261582 0.42439516129032256 0.020669992872416252
0 0.5650201612903226 0.5181753385602281 0.6804435483870968 0.022808267997148968
0 0.5357862903225806 0.5470420527441198 0.7429435483870968 0.026372059871703494
0 0.5347782258064516 0.5766215253029223 0.7449596774193549 0.02565930149679259
0 0.3497983870967742 0.604775481111903 0.3709677419354839 0.022095509622238062
0 0.5650201612903226 0.6329294369208838 0.6804435483870968 0.022808267997148968
0 0.5347782258064516 0.6628652886671419 0.7449596774193549 0.019957234497505347
0 0.4334677419354839 0.6928011404133999 0.5383064516129032 0.019957234497505347
0 0.5660282258064516 0.7191732002851033 0.6824596774193549 0.024233784746970778
0 0.5367943548387096 0.7473271560940841 0.7449596774193549 0.023521026372059873
0 0.2605846774193548 0.7772630078403421 0.19657258064516128 0.020669992872416252
0 0.5660282258064516 0.8071988595866001 0.6824596774193549 0.020669992872416252
0 0.5347782258064516 0.83464005702067 0.7449596774193549 0.022808267997148968
0 0.5347782258064516 0.864575908766928 0.7449596774193549 0.019957234497505347
0 0.5347782258064516 0.9397719173200285 0.02721774193548387 0.01496792587312901
