0 0.5347782258064516 0.11760513186029936 0.37399193548387094 0.0270848182466144
0 0.22379032258064516 0.15074839629365644 0.08064516129032258 0.022095509622238062
0 0.545866935483871 0.16250890947968638 0.11189516129032258 0.019957234497505347
0 0.858366935483871 0.16571632216678547 0.06955645161290322 0.020669992872416252
0 0.2217741935483871 0.17712045616535993 0.056451612903225805 0.01781895937277263
0 0.42338709677419356 0.20883820384889523 0.2862903225806452 0.018531717747683536
0 0.2217741935483871 0.20955096222380612 0.03024193548387097 0.015680684248039915
0 0.8573588709677419 0.20955096222380612 0.02721774193548387 0.015680684248039915
0 0.5257056451612904 0.2434069850320741 0.4909274193548387 0.01781895937277263
0 0.22278225806451613 0.2551674982181041 0.03225806451612903 0.015680684248039915
0 0.8563508064516129 0.2551674982181041 0.025201612903225805 0.015680684248039915
0 0.34526209677419356 0.2655024946543122 0.13004032258064516 0.01781895937277263
0 0.4490927419354839 0.29900213827512473 0.33568548387096775 0.024946543121881683
0 0.22076612903225806 0.30042765502494656 0.03225806451612903 0.01496792587312901
0 0.8578629032258065 0.3011404133998574 0.028225806451612902 0.01639344262295082
0 0.545866935483871 0.33464005702067 0.5272177419354839 0.01781895937277263
0 0.2217741935483871 0.34675694939415536 0.034274193548387094 0.01639344262295082
0 0.8573588709677419 0.34746970776906627 0.02721774193548387 0.01496792587312901
0 0.5 0.3631503920171062 0.4435483870967742 0.020669992872416252
0 0.545866935483871 0.3923734853884533 0.5272177419354839 0.01924447612259444
0 0.2217741935483871 0.4052031361368496 0.034274193548387094 0.01496792587312901
0 0.8573588709677419 0.4052031361368496 0.02721774193548387 0.01496792587312901
0 0.3341733870967742 0.4194583036350677 0.10786290322580645 0.01781895937277263
0 0.546875 0.4504632929436921 0.5292338709677419 0.019957234497505347
0 0.545866935483871 0.47861724875267286 0.5272177419354839 0.01924447612259444
0 0.2217741935483871 0.47790449037776195 0.034274193548387094 0.01496792587312901
0 0.8573588709677419 0.47790449037776195 0.02721774193548387 0.01496792587312901
0 0.3064516129032258 0.5064148253741981 0.05241935483870968 0.01781895937277263
0 0.545866935483871 0.5370634354953671 0.5272177419354839 0.01924447612259444
0 0.22278225806451613 0.5498930862437633 0.036290322580645164 0.01639344262295082
0 0.8563508064516129 0.5491803278688525 0.025201612903225805 0.01496792587312901
0 0.4188508064516129 0.5662865288667142 0.2772177419354839 0.020669992872416252
0 0.546875 0.594440484675695 0.5292338709677419 0.021382751247327157
0 0.2217741935483871 0.6076265146115467 0.034274193548387094 0.01639344262295082
0 0.8578629032258065 0.6079828937990022 0.028225806451612902 0.017106200997861726
0 0.501008064516129 0.624376336421953 0.4415322580645161 0.021382751247327157
0 0.22076612903225806 0.6518175338560228 0.03225806451612903 0.01639344262295082
0 0.48538306451612906 0.6535994297933001 0.40625 0.019957234497505347
0 0.8573588709677419 0.6532430506058446 0.02721774193548387 0.01639344262295082
0 0.5448588709677419 0.6835352815395581 0.5292338709677419 0.019957234497505347
0 0.2217741935483871 0.695295794725588 0.034274193548387094 0.01496792587312901
0 0.8573588709677419 0.695295794725588 0.02721774193548387 0.01496792587312901
0 0.3598790322580645 0.710263720598717 0.1592741935483871 0.01924447612259444
