0 0.5660282258064516 0.1286528866714184 0.6824596774193549 0.027797576621525304
0 0.5347782258064516 0.15538132573057734 0.7449596774193549 0.021382751247327157
0 0.3543346774193548 0.1856735566642908 0.3840725806451613 0.024946543121881683
0 0.5735887096774194 0.2134711332858161 0.6673387096774194 0.023521026372059873
0 0.5347782258064516 0.2434069850320741 0.7449596774193549 0.020669992872416252
0 0.3064516129032258 0.27156094084105487 0.28830645161290325 0.018531717747683536
0 0.30493951612903225 0.29864575908766927 0.16028225806451613 0.019957234497505347
0 0.5670362903225806 0.32786885245901637 0.6844758064516129 0.022808267997148968
0 0.5347782258064516 0.3570919458303635 0.7449596774193549 0.02565930149679259
0 0.5357862903225806 0.3856022808267997 0.7429435483870968 0.022808267997148968
0 0.5357862903225806 0.41411261582323594 0.7469758064516129 0.022808267997148968
0 0.5357862903225806 0.4426229508196721 0.7429435483870968 0.022808267997148968
0 0.5357862903225806 0.4722024233784747 0.7429435483870968 0.024946543121881683
0 0.5357862903225806 0.5003563791874555 0.7429435483870968 0.024233784746970778
0 0.2817540322580645 0.5288667141838916 0.23891129032258066 0.022808267997148968
0 0.2938508064516129 0.5588025659301497 0.2590725806451613 0.022808267997148968
0 0.5650201612903226 0.5862437633642196 0.6844758064516129 0.026372059871703494
0 0.5332661290322581 0.6161796151104776 0.7419354838709677 0.024946543121881683
0 0.5357862903225806 0.6443335709194583 0.7429435483870968 0.022808267997148968
0 0.5367943548387096 0.672487526728439 0.7449596774193549 0.022095509622238062
0 0.5367943548387096 0.7006414825374199 0.7449596774193549 0.022808267997148968
0 0.5347782258064516 0.7305773342836779 0.7449596774193549 0.022808267997148968
0 0.5337701612903226 0.7583749109052031 0.7429435483870968 0.021382751247327157
0 0.5347782258064516 0.7861724875267284 0.7449596774193549 0.022808267997148968
0 0.5347782258064516 0.81503920171062 0.7449596774193549 0.023521026372059873
0 0.5357862903225806 0.8449750534568781 0.7429435483870968 0.023521026372059873
0 0.5347782258064516 0.8738417676407698 0.7449596774193549 0.022808267997148968
0 0.5347782258064516 0.9319315751960086 0.02721774193548387 0.01496792587312901
