0 0.5337701612903226 0.116535994297933 0.2086693548387097 0.022095509622238062
0 0.5640120967741935 0.18032786885245902 0.686491935483871 0.024233784746970778
0 0.5357862903225806 0.20883820384889523 0.7429435483870968 0.022808267997148968
0 0.39213709677419356 0.23663578047042053 0.45564516129032256 0.024233784746970778
0 0.5645161290322581 0.26585887384176765 0.6854838709677419 0.022808267997148968
0 0.5337701612903226 0.29436920883820383 0.7429435483870968 0.022808267997148968
0 0.5337701612903226 0.32287954383464007 0.7429435483870968 0.022808267997148968
0 0.22278225806451613 0.3510334996436208 0.12096774193548387 0.01639344262295082
0 0.7051411290322581 0.38132573057733427 0.40423387096774194 0.019957234497505347
0 0.7288306451612904 0.432287954383464 0.17943548387096775 0.020669992872416252
0 0.7303427419354839 0.518888096935139 0.1743951612903226 0.024233784746970778
0 0.5347782258064516 0.932287954383464 0.023185483870967742 0.012829650748396294
