0 0.5337701612903226 0.11689237348538846 0.7429435483870968 0.02565930149679259
0 0.37752016129032256 0.1457590876692801 0.43044354838709675 0.023521026372059873
0 0.5650201612903226 0.17462580185317178 0.6844758064516129 0.022808267997148968
0 0.5347782258064516 0.203136136849608 0.7409274193548387 0.022808267997148968
0 0.5357862903225806 0.23129009265858874 0.7429435483870968 0.026372059871703494
0 0.5347782258064516 0.2601568068424804 0.7449596774193549 0.022808267997148968
0 0.5347782258064516 0.2886671418389166 0.7409274193548387 0.022808267997148968
0 0.5347782258064516 0.3178902352102637 0.7449596774193549 0.022808267997148968
0 0.5357862903225806 0.34640057020669995 0.7469758064516129 0.022808267997148968
0 0.3487903225806452 0.3759800427655025 0.3689516129032258 0.024946543121881683
0 0.5650201612903226 0.4034212401995723 0.6844758064516129 0.022808267997148968
0 0.5357862903225806 0.43193157519600855 0.7429435483870968 0.022808267997148968
0 0.5347782258064516 0.46115466856735565 0.7449596774193549 0.022808267997148968
0 0.5337701612903226 0.4896650035637919 0.7429435483870968 0.022808267997148968
0 0.5337701612903226 0.5181753385602281 0.7429435483870968 0.022808267997148968
0 0.36794354838709675 0.5481111903064861 0.4112903225806452 0.019957234497505347
0 0.5650201612903226 0.5751960085531005 0.6844758064516129 0.022808267997148968
0 0.5337701612903226 0.6044191019244476 0.7429435483870968 0.022808267997148968
0 0.5357862903225806 0.6336421952957947 0.7429435483870968 0.021382751247327157
0 0.5347782258064516 0.6614397719173201 0.7449596774193549 0.022808267997148968
0 0.5347782258064516 0.6906628652886672 0.7449596774193549 0.02565930149679259
0 0.4632056451612903 0.7184604419101924 0.6018145161290323 0.022808267997148968
0 0.5640120967741935 0.748039914468995 0.6824596774193549 0.022095509622238062
0 0.5347782258064516 0.7761938702779758 0.7449596774193549 0.022808267997148968
0 0.5337701612903226 0.8061297220242338 0.7429435483870968 0.022808267997148968
0 0.5347782258064516 0.8353528153955809 0.7449596774193549 0.0270848182466144
0 0.5342741935483871 0.8620812544547398 0.7439516129032258 0.026372059871703494
0 0.5347782258064516 0.9404846756949394 0.03125 0.01639344262295082
