0 0.5357862903225806 0.12687099073414113 0.11391129032258064 0.021382751247327157
0 0.3477822580645161 0.16037063435495366 0.3709677419354839 0.022808267997148968
0 0.5660282258064516 0.18745545260156807 0.6824596774193549 0.02565930149679259
0 0.5347782258064516 0.21739130434782608 0.7449596774193549 0.022808267997148968
0 0.532258064516129 0.2459016393442623 0.7399193548387096 0.022808267997148968
0 0.5357862903225806 0.2736992159657876 0.7429435483870968 0.024233784746970778
0 0.5357862903225806 0.3029223093371347 0.7429435483870968 0.021382751247327157
0 0.5347782258064516 0.3321454027084818 0.7449596774193549 0.022808267997148968
0 0.5347782258064516 0.36065573770491804 0.7449596774193549 0.022808267997148968
0 0.5337701612903226 0.3895224518888097 0.7429435483870968 0.024946543121881683
0 0.5347782258064516 0.41767640769779046 0.7449596774193549 0.022808267997148968
0 0.5357862903225806 0.44796863863150393 0.7429435483870968 0.020669992872416252
0 0.5357862903225806 0.47540983606557374 0.7429435483870968 0.022808267997148968
0 0.5347782258064516 0.5039201710620099 0.7449596774193549 0.022808267997148968
0 0.5357862903225806 0.5324305060584462 0.7429435483870968 0.022808267997148968
0 0.37348790322580644 0.5616535994297933 0.4223790322580645 0.021382751247327157
0 0.5650201612903226 0.5894511760513186 0.6844758064516129 0.022808267997148968
0 0.5347782258064516 0.6186742694226657 0.7449596774193549 0.022808267997148968
0 0.4536290322580645 0.6478973627940128 0.5826612903225806 0.024233784746970778
0 0.5660282258064516 0.67712045616536 0.6824596774193549 0.022808267997148968
0 0.5357862903225806 0.7056307911617962 0.7429435483870968 0.02565930149679259
0 0.5357862903225806 0.7327156094084105 0.7429435483870968 0.022808267997148968
0 0.5327620967741935 0.7626514611546685 0.7409274193548387 0.022808267997148968
0 0.5357862903225806 0.7918745545260156 0.7429435483870968 0.022808267997148968
0 0.5357862903225806 0.8203848895224519 0.7429435483870968 0.022808267997148968
0 0.5292338709677419 0.8488952245188881 0.7338709677419355 0.022808267997148968
