0 0.2963709677419355 0.1172487526728439 0.26814516129032256 0.020669992872416252
0 0.5650201612903226 0.1457590876692801 0.6804435483870968 0.023521026372059873
0 0.5337701612903226 0.17462580185317178 0.7429435483870968 0.022808267997148968
0 0.5347782258064516 0.203136136849608 0.7449596774193549 0.024233784746970778
0 0.5347782258064516 0.23057733428367783 0.7449596774193549 0.024946543121881683
0 0.4097782258064516 0.2601568068424804 0.4949596774193548 0.024233784746970778
0 0.5650201612903226 0.2900926585887384 0.6844758064516129 0.019957234497505347
0 0.2399193548387097 0.3182466143977192 0.15725806451612903 0.023521026372059873
0 0.5660282258064516 0.3471133285816108 0.6824596774193549 0.021382751247327157
0 0.5337701612903226 0.37491090520313614 0.7429435483870968 0.022808267997148968
0 0.5337701612903226 0.4034212401995723 0.7429435483870968 0.022808267997148968
0 0.5337701612903226 0.4333570919458304 0.7429435483870968 0.02565930149679259
0 0.5347782258064516 0.46115466856735565 0.7449596774193549 0.022808267997148968
0 0.5347782258064516 0.4903777619387028 0.7409274193548387 0.02565930149679259
0 0.5347782258064516 0.5181753385602281 0.7409274193548387 0.022808267997148968
0 0.5367943548387096 0.5466856735566643 0.7449596774193549 0.022808267997148968
0 0.5337701612903226 0.5759087669280114 0.7429435483870968 0.024233784746970778
0 0.5347782258064516 0.6044191019244476 0.7409274193548387 0.022808267997148968
0 0.5337701612903226 0.6336421952957947 0.7429435483870968 0.021382751247327157
0 0.5337701612903226 0.6614397719173201 0.7429435483870968 0.022808267997148968
0 0.5337701612903226 0.6913756236635781 0.7429435483870968 0.022808267997148968
0 0.5347782258064516 0.7184604419101924 0.7449596774193549 0.022808267997148968
0 0.5347782258064516 0.7473271560940841 0.7449596774193549 0.023521026372059873
0 0.5337701612903226 0.7761938702779758 0.7429435483870968 0.022808267997148968
0 0.5357862903225806 0.8061297220242338 0.7429435483870968 0.022808267997148968
0 0.5347782258064516 0.83464005702067 0.7449596774193549 0.022808267997148968
0 0.5337701612903226 0.8631503920171062 0.7429435483870968 0.024233784746970778
0 0.5337701612903226 0.9397719173200285 0.029233870967741934 0.01496792587312901
