0 0.7192540322580645 0.12758374910905204 0.2772177419354839 0.018531717747683536
0 0.2706653225806452 0.12794012829650747 0.1280241935483871 0.01639344262295082
0 0.2706653225806452 0.14183891660727013 0.15826612903225806 0.017106200997861726
0 0.7192540322580645 0.14468995010691377 0.10181451612903226 0.019957234497505347
0 0.7217741935483871 0.1835352815395581 0.2903225806451613 0.023521026372059873
0 0.7192540322580645 0.20384889522451888 0.06350806451612903 0.021382751247327157
0 0.7192540322580645 0.24019957234497505 0.2852822580645161 0.02565930149679259
0 0.7192540322580645 0.26051318602993584 0.06350806451612903 0.020669992872416252
0 0.2757056451612903 0.26407697790449036 0.10786290322580645 0.01496792587312901
0 0.7207661290322581 0.2972202423378475 0.28024193548387094 0.024233784746970778
0 0.7202620967741935 0.31397006414825374 0.10584677419354839 0.01781895937277263
0 0.719758064516129 0.35531004989308623 0.2721774193548387 0.020669992872416252
0 0.7202620967741935 0.37099073414112615 0.06149193548387097 0.01781895937277263
0 0.27872983870967744 0.40021382751247325 0.1663306451612903 0.0135424091233072
0 0.7192540322580645 0.4119743406985032 0.2590725806451613 0.018531717747683536
0 0.2782258064516129 0.4137562366357805 0.1431451612903226 0.01496792587312901
0 0.2782258064516129 0.4258731290092659 0.05443548387096774 0.012116892373485389
0 0.7192540322580645 0.43014967925873127 0.09778225806451613 0.020669992872416252
0 0.7182459677419355 0.466143977191732 0.23084677419354838 0.017106200997861726
0 0.2767137096774194 0.46863863150392016 0.10786290322580645 0.01496792587312901
0 0.719758064516129 0.4868139700641482 0.21370967741935484 0.024233784746970778
0 0.7192540322580645 0.522808267997149 0.2933467741935484 0.026372059871703494
0 0.2767137096774194 0.5285103349964362 0.13004032258064516 0.01496792587312901
0 0.2762096774193548 0.5420527441197434 0.15725806451612903 0.01639344262295082
0 0.7212701612903226 0.5441910192444761 0.10786290322580645 0.020669992872416252
0 0.7202620967741935 0.5819672131147541 0.28326612903225806 0.023521026372059873
0 0.27872983870967744 0.5926585887384177 0.10786290322580645 0.01496792587312901
0 0.7202620967741935 0.601568068424804 0.06149193548387097 0.019957234497505347
0 0.5357862903225806 0.6350677120456165 0.6985887096774194 0.022808267997148968
0 0.5352822580645161 0.6635780470420527 0.16733870967741934 0.019957234497505347
0 0.32610887096774194 0.6917320028510335 0.20262096774193547 0.024946543121881683
0 0.5660282258064516 0.7213114754098361 0.6824596774193549 0.022808267997148968
0 0.5347782258064516 0.7483962936564504 0.7449596774193549 0.022808267997148968
0 0.5347782258064516 0.7772630078403421 0.7449596774193549 0.023521026372059873
0 0.5347782258064516 0.8075552387740556 0.7449596774193549 0.022808267997148968
0 0.5357862903225806 0.8360655737704918 0.7429435483870968 0.022808267997148968
0 0.3588709677419355 0.864575908766928 0.38911290322580644 0.022808267997148968
0 0.5337701612903226 0.9319315751960086 0.025201612903225805 0.01496792587312901
