0 0.5650201612903226 0.11617961511047754 0.6844758064516129 0.024233784746970778
0 0.5347782258064516 0.14647184604419103 0.7449596774193549 0.022095509622238062
0 0.5347782258064516 0.17462580185317178 0.7449596774193549 0.022808267997148968
0 0.36643145161290325 0.20349251603706345 0.40826612903225806 0.023521026372059873
0 0.33014112903225806 0.2316464718460442 0.21068548387096775 0.022808267997148968
0 0.5650201612903226 0.26122594440484675 0.6844758064516129 0.024946543121881683
0 0.5357862903225806 0.2886671418389166 0.7429435483870968 0.022808267997148968
0 0.5357862903225806 0.3178902352102637 0.7429435483870968 0.022808267997148968
0 0.4813508064516129 0.34640057020669995 0.6381048387096774 0.022808267997148968
0 0.5650201612903226 0.37491090520313614 0.6844758064516129 0.022808267997148968
0 0.5357862903225806 0.4034212401995723 0.7429435483870968 0.022808267997148968
0 0.5347782258064516 0.43193157519600855 0.7449596774193549 0.022808267997148968
0 0.5231854838709677 0.46186742694226657 0.717741935483871 0.02565930149679259
0 0.5357862903225806 0.4896650035637919 0.7429435483870968 0.022808267997148968
0 0.5337701612903226 0.5181753385602281 0.7429435483870968 0.022808267997148968
0 0.5337701612903226 0.5466856735566643 0.7429435483870968 0.022808267997148968
0 0.3331653225806452 0.5780470420527442 0.34173387096774194 0.022808267997148968
0 0.5347782258064516 0.6044191019244476 0.7449596774193549 0.022808267997148968
0 0.3553427419354839 0.635424091233072 0.38205645161290325 0.020669992872416252
0 0.3175403225806452 0.6628652886671419 0.1592741935483871 0.019957234497505347
0 0.5650201612903226 0.6906628652886672 0.6844758064516129 0.024233784746970778
0 0.5347782258064516 0.7198859586600143 0.7449596774193549 0.024233784746970778
0 0.5337701612903226 0.748039914468995 0.7429435483870968 0.022095509622238062
0 0.5367943548387096 0.7769066286528866 0.7449596774193549 0.02565930149679259
0 0.5347782258064516 0.8068424803991446 0.7409274193548387 0.02565930149679259
0 0.5347782258064516 0.8339272986457591 0.7409274193548387 0.02565930149679259
0 0.4642137096774194 0.8638631503920171 0.5997983870967742 0.021382751247327157
0 0.5327620967741935 0.9397719173200285 0.02721774193548387 0.01496792587312901
