0 0.5640120967741935 0.11689237348538846 0.6824596774193549 0.022808267997148968
0 0.5347782258064516 0.1450463292943692 0.7449596774193549 0.022095509622238062
0 0.5337701612903226 0.17462580185317178 0.7429435483870968 0.022808267997148968
0 0.4067540322580645 0.20242337847469707 0.4889112903225806 0.021382751247327157
0 0.3780241935483871 0.23093371347113328 0.31048387096774194 0.024233784746970778
0 0.5660282258064516 0.2601568068424804 0.6824596774193549 0.022808267997148968
0 0.5347782258064516 0.2886671418389166 0.7409274193548387 0.022808267997148968
0 0.5357862903225806 0.3178902352102637 0.7429435483870968 0.022808267997148968
0 0.4798387096774194 0.3471133285816108 0.6350806451612904 0.02565930149679259
0 0.5660282258064516 0.37491090520313614 0.6824596774193549 0.022808267997148968
0 0.5347782258064516 0.4034212401995723 0.7409274193548387 0.022808267997148968
0 0.5292338709677419 0.43193157519600855 0.7338709677419355 0.022808267997148968
0 0.5660282258064516 0.46115466856735565 0.686491935483871 0.022808267997148968
0 0.5347782258064516 0.4896650035637919 0.7449596774193549 0.022808267997148968
0 0.5347782258064516 0.5181753385602281 0.7449596774193549 0.022808267997148968
0 0.24647177419354838 0.5463292943692089 0.1663306451612903 0.022095509622238062
0 0.5650201612903226 0.5769779044903778 0.6844758064516129 0.027797576621525304
0 0.5347782258064516 0.604775481111903 0.7409274193548387 0.022095509622238062
0 0.5347782258064516 0.6329294369208838 0.7449596774193549 0.022808267997148968
0 0.3064516129032258 0.662152530292231 0.2842741935483871 0.018531717747683536
0 0.5660282258064516 0.6913756236635781 0.6824596774193549 0.02565930149679259
0 0.5347782258064516 0.7198859586600143 0.7449596774193549 0.02565930149679259
0 0.5337701612903226 0.7487526728439059 0.7429435483870968 0.023521026372059873
0 0.37399193548387094 0.7761938702779758 0.42338709677419356 0.024233784746970778
0 0.5650201612903226 0.8061297220242338 0.6844758064516129 0.022808267997148968
0 0.5347782258064516 0.83464005702067 0.7409274193548387 0.022808267997148968
0 0.4022177419354839 0.8631503920171062 0.4798387096774194 0.022808267997148968
0 0.5342741935483871 0.9397719173200285 0.036290322580645164 0.01496792587312901
