0 0.3341733870967742 0.12687099073414113 0.22278225806451613 0.0270848182466144
0 0.563508064516129 0.15502494654312188 0.6774193548387096 0.020669992872416252
0 0.5347782258064516 0.18460441910192446 0.7449596774193549 0.022808267997148968
0 0.5357862903225806 0.2134711332858161 0.7429435483870968 0.023521026372059873
0 0.532258064516129 0.24162508909479685 0.7399193548387096 0.021382751247327157
0 0.5357862903225806 0.27084818246614395 0.7429435483870968 0.022808267997148968
0 0.5357862903225806 0.2993585174625802 0.7469758064516129 0.022808267997148968
0 0.4969758064516129 0.32786885245901637 0.6693548387096774 0.022808267997148968
0 0.3029233870967742 0.35673556664290806 0.15625 0.01781895937277263
0 0.5660282258064516 0.38595866001425516 0.6824596774193549 0.026372059871703494
0 0.5347782258064516 0.41518175338560226 0.7449596774193549 0.020669992872416252
0 0.5347782258064516 0.4426229508196721 0.7449596774193549 0.022808267997148968
0 0.5347782258064516 0.4722024233784747 0.7449596774193549 0.024946543121881683
0 0.3371975806451613 0.5003563791874555 0.34576612903225806 0.021382751247327157
0 0.3387096774193548 0.5288667141838916 0.22782258064516128 0.022808267997148968
0 0.5660282258064516 0.5573770491803278 0.6824596774193549 0.022808267997148968
0 0.5347782258064516 0.5869565217391305 0.7449596774193549 0.024946543121881683
0 0.5357862903225806 0.6158232359230221 0.7429435483870968 0.022808267997148968
0 0.5357862903225806 0.6443335709194583 0.7429435483870968 0.022808267997148968
0 0.5357862903225806 0.6721311475409836 0.7429435483870968 0.022808267997148968
0 0.22278225806451613 0.6985032074126871 0.11693548387096774 0.018531717747683536
0 0.5660282258064516 0.7305773342836779 0.6824596774193549 0.022808267997148968
0 0.5347782258064516 0.7590876692801141 0.7449596774193549 0.022808267997148968
0 0.5357862903225806 0.7868852459016393 0.7429435483870968 0.021382751247327157
0 0.1970766129032258 0.815751960085531 0.0655241935483871 0.01639344262295082
0 0.5357862903225806 0.9326443335709195 0.029233870967741934 0.01639344262295082
