0 0.5347782258064516 0.11617961511047754 0.4465725806451613 0.022808267997148968
0 0.5357862903225806 0.15751960085531005 0.7429435483870968 0.022808267997148968
0 0.5357862903225806 0.18745545260156807 0.7429435483870968 0.019957234497505347
0 0.2439516129032258 0.21489665003563793 0.1592741935483871 0.01781895937277263
0 0.5347782258064516 0.24483250178189594 0.7449596774193549 0.020669992872416252
0 0.5357862903225806 0.2722736992159658 0.7429435483870968 0.022808267997148968
0 0.21421370967741934 0.29971489665003564 0.10181451612903226 0.01781895937277263
0 0.5357862903225806 0.3292943692088382 0.7429435483870968 0.022808267997148968
0 0.3487903225806452 0.3570919458303635 0.3689516129032258 0.021382751247327157
0 0.5347782258064516 0.38595866001425516 0.7409274193548387 0.022095509622238062
0 0.2006048387096774 0.41518175338560226 0.07258064516129033 0.01781895937277263
0 0.5347782258064516 0.44404846756949395 0.7449596774193549 0.022808267997148968
0 0.5357862903225806 0.47255880256593014 0.7469758064516129 0.022808267997148968
0 0.40776209677419356 0.5021382751247327 0.4909274193548387 0.024946543121881683
0 0.5357862903225806 0.5302922309337135 0.7429435483870968 0.021382751247327157
0 0.3497983870967742 0.559871703492516 0.3709677419354839 0.020669992872416252
0 0.515625 0.586600142551675 0.7026209677419355 0.022808267997148968
0 0.5347782258064516 0.6151104775481112 0.7409274193548387 0.021382751247327157
0 0.25 0.6461154668567356 0.17338709677419356 0.024946543121881683
0 0.5337701612903226 0.6742694226657163 0.7429435483870968 0.022808267997148968
0 0.2872983870967742 0.703136136849608 0.25 0.01781895937277263
0 0.5347782258064516 0.7312900926585887 0.7409274193548387 0.021382751247327157
0 0.24949596774193547 0.7605131860299359 0.17237903225806453 0.024233784746970778
0 0.5357862903225806 0.7904490377761939 0.7429435483870968 0.019957234497505347
0 0.5337701612903226 0.8168210976478973 0.7429435483870968 0.021382751247327157
0 0.39868951612903225 0.8449750534568781 0.46875 0.023521026372059873
0 0.5347782258064516 0.8745545260156807 0.7409274193548387 0.024233784746970778
0 0.5347782258064516 0.9397719173200285 0.037298387096774195 0.01496792587312901
