0 0.5347782258064516 0.11689237348538846 0.7449596774193549 0.022808267997148968
0 0.2283266129032258 0.1450463292943692 0.13205645161290322 0.01639344262295082
0 0.35131048387096775 0.17569493941553813 0.2530241935483871 0.020669992872416252
0 0.5650201612903226 0.20277975766215253 0.6844758064516129 0.026372059871703494
0 0.5347782258064516 0.2316464718460442 0.7409274193548387 0.022808267997148968
0 0.5347782258064516 0.2601568068424804 0.7409274193548387 0.022808267997148968
0 0.5347782258064516 0.2886671418389166 0.7449596774193549 0.022808267997148968
0 0.5347782258064516 0.3178902352102637 0.7449596774193549 0.022808267997148968
0 0.5337701612903226 0.34640057020669995 0.7429435483870968 0.022808267997148968
0 0.3377016129032258 0.37633642195295797 0.35080645161290325 0.02565930149679259
0 0.35231854838709675 0.40484675694939415 0.2550403225806452 0.019957234497505347
0 0.5650201612903226 0.43193157519600855 0.6804435483870968 0.022808267997148968
0 0.5337701612903226 0.46115466856735565 0.7429435483870968 0.02565930149679259
0 0.5357862903225806 0.4896650035637919 0.7429435483870968 0.022808267997148968
0 0.530241935483871 0.5196008553100498 0.7318548387096774 0.019957234497505347
0 0.36643145161290325 0.5459729151817534 0.2872983870967742 0.021382751247327157
0 0.4435483870967742 0.575552387740556 0.4415322580645161 0.023521026372059873
0 0.4480846774193548 0.604775481111903 0.45060483870967744 0.023521026372059873
0 0.36693548387096775 0.6329294369208838 0.28830645161290325 0.022808267997148968
0 0.37701612903225806 0.6614397719173201 0.3084677419354839 0.022808267997148968
0 0.3911290322580645 0.6913756236635781 0.33669354838709675 0.022808267997148968
0 0.42338709677419356 0.7188168210976479 0.3971774193548387 0.024946543121881683
0 0.3755040322580645 0.7473271560940841 0.30544354838709675 0.023521026372059873
0 0.5650201612903226 0.7761938702779758 0.6804435483870968 0.022808267997148968
0 0.203125 0.8057733428367784 0.08165322580645161 0.01781895937277263
0 0.4122983870967742 0.8353528153955809 0.375 0.021382751247327157
0 0.5549395161290323 0.8624376336421953 0.6643145161290323 0.021382751247327157
0 0.5342741935483871 0.9397719173200285 0.036290322580645164 0.01496792587312901
