0 0.4269153225806452 0.11475409836065574 0.5292338709677419 0.022808267997148968
0 0.5650201612903226 0.1457590876692801 0.6844758064516129 0.023521026372059873
0 0.5347782258064516 0.17462580185317178 0.7449596774193549 0.022808267997148968
0 0.3467741935483871 0.203136136849608 0.3689516129032258 0.022808267997148968
0 0.5650201612903226 0.2316464718460442 0.6844758064516129 0.022808267997148968
0 0.3084677419354839 0.2615823235923022 0.2923387096774194 0.019957234497505347
0 0.5660282258064516 0.2886671418389166 0.6824596774193549 0.022808267997148968
0 0.5337701612903226 0.3189593727726301 0.7429435483870968 0.020669992872416252
0 0.5347782258064516 0.34640057020669995 0.7449596774193549 0.022808267997148968
0 0.5347782258064516 0.37491090520313614 0.7409274193548387 0.022808267997148968
0 0.5357862903225806 0.4034212401995723 0.7429435483870968 0.022808267997148968
0 0.5337701612903226 0.43193157519600855 0.7429435483870968 0.022808267997148968
0 0.5347782258064516 0.46115466856735565 0.7449596774193549 0.022808267997148968
0 0.3865927419354839 0.4896650035637919 0.44455645161290325 0.022808267997148968
0 0.5650201612903226 0.5181753385602281 0.6804435483870968 0.022808267997148968
0 0.5357862903225806 0.5466856735566643 0.7429435483870968 0.022808267997148968
0 0.5337701612903226 0.5769779044903778 0.7429435483870968 0.026372059871703494
0 0.5347782258064516 0.6044191019244476 0.7449596774193549 0.024233784746970778
0 0.5347782258064516 0.6329294369208838 0.7449596774193549 0.022808267997148968
0 0.5347782258064516 0.6614397719173201 0.7449596774193549 0.022808267997148968
0 0.5347782258064516 0.6906628652886672 0.7449596774193549 0.02565930149679259
0 0.5347782258064516 0.7191732002851033 0.7449596774193549 0.024233784746970778
0 0.4803427419354839 0.748039914468995 0.6360887096774194 0.024946543121881683
0 0.5660282258064516 0.7761938702779758 0.6824596774193549 0.022808267997148968
0 0.5337701612903226 0.8061297220242338 0.7429435483870968 0.022808267997148968
0 0.5347782258064516 0.8332145402708482 0.7409274193548387 0.022808267997148968
0 0.5357862903225806 0.8631503920171062 0.7429435483870968 0.022808267997148968
0 0.5347782258064516 0.9397719173200285 0.02721774193548387 0.01496792587312901
