0 0.5347782258064516 0.12758374910905204 0.7449596774193549 0.022808267997148968
0 0.5347782258064516 0.15538132573057734 0.7449596774193549 0.021382751247327157
0 0.5347782258064516 0.1856735566642908 0.7449596774193549 0.024946543121881683
0 0.5347782258064516 0.21311475409836064 0.7449596774193549 0.02565930149679259
0 0.5347782258064516 0.24233784746970777 0.7449596774193549 0.024233784746970778
0 0.5357862903225806 0.27156094084105487 0.7429435483870968 0.024233784746970778
0 0.5347782258064516 0.2993585174625802 0.7449596774193549 0.022808267997148968
0 0.5347782258064516 0.32893799002138274 0.7449596774193549 0.026372059871703494
0 0.5090725806451613 0.3563791874554526 0.6935483870967742 0.022808267997148968
0 0.46673387096774194 0.3863150392017106 0.6048387096774194 0.024233784746970778
0 0.5650201612903226 0.41411261582323594 0.6804435483870968 0.02565930149679259
0 0.5337701612903226 0.4426229508196721 0.7429435483870968 0.022808267997148968
0 0.5357862903225806 0.47113328581610836 0.7429435483870968 0.022808267997148968
0 0.5357862903225806 0.5003563791874555 0.7429435483870968 0.024233784746970778
0 0.5357862903225806 0.5292230933713471 0.7429435483870968 0.022095509622238062
0 0.5347782258064516 0.5573770491803278 0.7449596774193549 0.022808267997148968
0 0.5347782258064516 0.5858873841767641 0.7449596774193549 0.022808267997148968
0 0.44002016129032256 0.616535994297933 0.5554435483870968 0.018531717747683536
0 0.5660282258064516 0.6439771917320029 0.6824596774193549 0.024946543121881683
0 0.5357862903225806 0.672487526728439 0.7429435483870968 0.022095509622238062
0 0.5357862903225806 0.699928724162509 0.7429435483870968 0.024233784746970778
0 0.5357862903225806 0.7312900926585887 0.7429435483870968 0.02565930149679259
0 0.4107862903225806 0.7605131860299359 0.49294354838709675 0.019957234497505347
0 0.3407258064516129 0.7872416250890948 0.2318548387096774 0.023521026372059873
0 0.5745967741935484 0.81503920171062 0.6653225806451613 0.023521026372059873
0 0.5347782258064516 0.8449750534568781 0.7449596774193549 0.023521026372059873
0 0.5357862903225806 0.8738417676407698 0.7429435483870968 0.022808267997148968
0 0.5347782258064516 0.9319315751960086 0.02721774193548387 0.01496792587312901
