0 0.5337701612903226 0.116535994297933 0.7429435483870968 0.024946543121881683
0 0.5347782258064516 0.1457590876692801 0.7409274193548387 0.023521026372059873
0 0.5357862903225806 0.17569493941553813 0.7429435483870968 0.020669992872416252
0 0.5357862903225806 0.20242337847469707 0.7429435483870968 0.021382751247327157
0 0.2620967741935484 0.22986457590876694 0.19959677419354838 0.01924447612259444
0 0.5660282258064516 0.2608695652173913 0.6824596774193549 0.021382751247327157
0 0.5337701612903226 0.2886671418389166 0.7429435483870968 0.022808267997148968
0 0.5347782258064516 0.3189593727726301 0.7409274193548387 0.020669992872416252
0 0.5347782258064516 0.34568781183178904 0.7449596774193549 0.021382751247327157
0 0.5337701612903226 0.37491090520313614 0.7429435483870968 0.022808267997148968
0 0.5347782258064516 0.4034212401995723 0.7449596774193549 0.022808267997148968
0 0.5357862903225806 0.43193157519600855 0.7429435483870968 0.022808267997148968
0 0.5347782258064516 0.46115466856735565 0.7449596774193549 0.022808267997148968
0 0.5347782258064516 0.4907341411261582 0.7449596774193549 0.020669992872416252
0 0.31098790322580644 0.5196008553100498 0.2973790322580645 0.019957234497505347
0 0.5640120967741935 0.5466856735566643 0.6824596774193549 0.022808267997148968
0 0.5347782258064516 0.5759087669280114 0.7449596774193549 0.024233784746970778
0 0.5357862903225806 0.6044191019244476 0.7469758064516129 0.022808267997148968
0 0.5347782258064516 0.6339985744832501 0.7449596774193549 0.020669992872416252
0 0.5347782258064516 0.6614397719173201 0.7449596774193549 0.022808267997148968
0 0.5337701612903226 0.6913756236635781 0.7429435483870968 0.022808267997148968
0 0.5357862903225806 0.7195295794725588 0.7429435483870968 0.026372059871703494
0 0.5357862903225806 0.7483962936564504 0.7429435483870968 0.022808267997148968
0 0.5337701612903226 0.7772630078403421 0.7429435483870968 0.026372059871703494
0 0.532258064516129 0.8068424803991446 0.7399193548387096 0.021382751247327157
0 0.5347782258064516 0.8360655737704918 0.7449596774193549 0.02565930149679259
0 0.5347782258064516 0.8627940128296507 0.7449596774193549 0.024946543121881683
0 0.5347782258064516 0.9397719173200285 0.02721774193548387 0.01496792587312901
