0 0.5347782258064516 0.1261582323592302 0.7449596774193549 0.022808267997148968
0 0.5347782258064516 0.15538132573057734 0.7409274193548387 0.024233784746970778
0 0.5357862903225806 0.18460441910192446 0.7469758064516129 0.022808267997148968
0 0.39868951612903225 0.21418389166072702 0.4727822580645161 0.01924447612259444
0 0.5660282258064516 0.24162508909479685 0.6824596774193549 0.021382751247327157
0 0.5347782258064516 0.26977904490377763 0.7409274193548387 0.024946543121881683
0 0.5357862903225806 0.300784034212402 0.7429435483870968 0.019957234497505347
0 0.48336693548387094 0.3292943692088382 0.6421370967741935 0.02565930149679259
0 0.5700604838709677 0.3563791874554526 0.6743951612903226 0.022808267997148968
0 0.5347782258064516 0.38595866001425516 0.7409274193548387 0.01924447612259444
0 0.5347782258064516 0.41411261582323594 0.7449596774193549 0.022808267997148968
0 0.5337701612903226 0.4426229508196721 0.7429435483870968 0.022808267997148968
0 0.5347782258064516 0.4707769066286529 0.7449596774193549 0.024946543121881683
0 0.5337701612903226 0.5014255167498218 0.7429435483870968 0.027797576621525304
0 0.5357862903225806 0.5295794725588026 0.7429435483870968 0.0270848182466144
0 0.5367943548387096 0.5573770491803278 0.7449596774193549 0.022808267997148968
0 0.5347782258064516 0.5858873841767641 0.7449596774193549 0.022808267997148968
0 0.5357862903225806 0.6151104775481112 0.7429435483870968 0.021382751247327157
0 0.4591733870967742 0.6450463292943692 0.59375 0.018531717747683536
0 0.4420362903225806 0.6728439059158945 0.5594758064516129 0.022808267997148968
0 0.5650201612903226 0.7006414825374199 0.6844758064516129 0.022808267997148968
0 0.5357862903225806 0.729864575908767 0.7429435483870968 0.024233784746970778
0 0.25201612903225806 0.7562366357804704 0.17943548387096775 0.019957234497505347
0 0.5660282258064516 0.7861724875267284 0.686491935483871 0.022808267997148968
0 0.5357862903225806 0.815751960085531 0.7429435483870968 0.022095509622238062
0 0.5357862903225806 0.8449750534568781 0.7429435483870968 0.023521026372059873
0 0.5357862903225806 0.9326443335709195 0.011088709677419355 0.0135424091233072
