0 0.5332661290322581 0.1179615110477548 0.7419354838709677 0.027797576621525304
0 0.5347782258064516 0.14682822523164646 0.7449596774193549 0.02565930149679259
0 0.5347782258064516 0.17462580185317178 0.7449596774193549 0.022808267997148968
0 0.5357862903225806 0.20242337847469707 0.7429435483870968 0.024233784746970778
0 0.5357862903225806 0.2316464718460442 0.7429435483870968 0.022808267997148968
0 0.34122983870967744 0.2601568068424804 0.35786290322580644 0.022808267997148968
0 0.5640120967741935 0.2900926585887384 0.6824596774193549 0.019957234497505347
0 0.5367943548387096 0.3178902352102637 0.7449596774193549 0.022808267997148968
0 0.5347782258064516 0.3471133285816108 0.7449596774193549 0.021382751247327157
0 0.5347782258064516 0.37491090520313614 0.7449596774193549 0.022808267997148968
0 0.5347782258064516 0.4034212401995723 0.7449596774193549 0.022808267997148968
0 0.5357862903225806 0.43193157519600855 0.7469758064516129 0.022808267997148968
0 0.24647177419354838 0.46186742694226657 0.17036290322580644 0.0270848182466144
0 0.5650201612903226 0.4896650035637919 0.6844758064516129 0.022808267997148968
0 0.5337701612903226 0.5181753385602281 0.7429435483870968 0.022808267997148968
0 0.26310483870967744 0.544903777619387 0.20161290322580644 0.01924447612259444
0 0.5650201612903226 0.5762651461154669 0.6844758064516129 0.024946543121881683
0 0.5347782258064516 0.6044191019244476 0.7449596774193549 0.022808267997148968
0 0.5347782258064516 0.6329294369208838 0.7449596774193549 0.022808267997148968
0 0.5347782258064516 0.6614397719173201 0.7449596774193549 0.022808267997148968
0 0.5347782258064516 0.6913756236635781 0.7409274193548387 0.022808267997148968
0 0.30493951612903225 0.7195295794725588 0.2852822580645161 0.022095509622238062
0 0.5660282258064516 0.7491090520313614 0.6824596774193549 0.022808267997148968
0 0.5347782258064516 0.7761938702779758 0.7449596774193549 0.022808267997148968
0 0.5357862903225806 0.8068424803991446 0.7429435483870968 0.021382751247327157
0 0.5337701612903226 0.83464005702067 0.7429435483870968 0.022808267997148968
0 0.5337701612903226 0.8631503920171062 0.7429435483870968 0.022808267997148968
0 0.5337701612903226 0.9397719173200285 0.029233870967741934 0.01496792587312901
